ensg	symbol	Adipose_Tissue	Adrenal_Gland	Bladder	Blood	Blood_Vessel	Brain	Breast	Cervix_Uteri	Colon	Esophagus	Fallopian_Tube	Heart	Kidney	Liver	Lung	Muscle	Nerve	Ovary	Pancreas	Pituitary	Prostate	Salivary_Gland	Skin	Small_Intestine	Spleen	Stomach	Testis	Thyroid	Uterus	Vagina
ENSG00000133056	PIK3C2B	0.61265008086388	-0.886690480665128	0.779295190508081	-1.43534796531869	0.219834291632694	-0.33805763583169	0.669470687277879	0.451905220764875	0.503460183009549	0.18319800213992	0.451699722260538	-0.50342884219509	-0.619239523634025	-1.29593192202477	1.1345313219932	-0.90774385648403	0.457718742137845	-0.76311244427403	-1.30226552483263	-0.572103074822724	0.239783620567331	-0.0302660121404462	0.467887838212068	0.883717317897936	0.929254545013202	0.115472189549731	-0.980128802338126	0.717914469191713	0.945061415117435	0.952721018544431
ENSG00000198625	MDM4	0.350414341621419	-0.350915463248791	0.386062289636269	-0.18136765596569	0.0681005264221565	-0.80735766073569	0.493268015691433	0.940557231001095	0.173530578280149	-0.0145040891802637	0.837888297835104	-1.04709762526771	-0.630576345461671	-0.898365980478945	0.681166554310039	-0.926632750502897	0.993352108612727	1.07449090193509	-0.519449814037736	0.690882267526578	0.549033473439546	0.0354790822996906	0.426999049612572	0.558946335316181	1.03884640108053	-0.0618669185491991	0.346998731811065	0.933670603744771	0.89813445235852	0.479986325914308
ENSG00000170382	LRRN2	-0.115502593908752	-0.48399057390472	-0.41469791813611	-0.517986691292752	-1.01463241300893	1.07881402614915	0.094131965676648	0.352847653450701	0.988114392331318	0.192724867998785	1.64447102656028	-0.385247953704634	0.93614232003793	-1.23759138723579	0.30289892411462	-1.20284878181813	0.929110803289137	0.130406212334733	-0.951950813703934	2.02038428481453	-0.137116094221806	0.136456469346495	-1.45504753647247	0.91498832213731	1.58101424726029	-0.484916021240804	1.0360360028449	0.590159833028431	0.868198512790608	-0.0708490621455836
ENSG00000115504	EHBP1	0.769435221583776	-0.32766371762379	0.471048384927537	-2.52984705454442	0.266222650399816	0.0488263972634615	0.490096924138325	1.1468261118325	0.747059498417074	0.855069170057487	0.915030586258682	-1.48676971435527	-1.01128930929811	-0.366159127053551	-0.268488545280236	-1.47955155347715	1.62999805996094	1.40518598623061	-1.51399078850286	0.0833994015399735	0.0989205910998091	0.00593795056096928	0.338212555255641	-0.210783217957669	-1.30777802701169	-0.371076158748734	1.10077424943775	0.134934405594627	1.31013431533467	0.820652128836137
ENSG00000115507	OTX1	-0.537593793020785	-0.648230915049012	-0.65999794106877	0.483510388720172	-0.657610943454772	0.308124169106127	-0.474219288315043	-0.608082889295298	-0.633812628999665	-0.211096149391622	-0.505111142496962	-0.678587057210225	-0.662077050231904	-0.618347566867573	-0.290928808928259	-0.675980648988249	-0.458921998853793	-0.584203579432531	-0.447602927077129	-0.626286090594074	0.227647693118601	4.09355950237783	2.08269606937403	-0.642627242641595	-0.38529480345847	-0.355013708925028	0.219850744941802	-0.582141009252797	-0.634792082700002	-0.463971069520057
ENSG00000143951	WDPCP	0.403915253081683	-0.170938251125794	0.00512041586917639	-0.663356726521267	0.419325803471183	-0.179527133495626	0.352601801351069	0.47503166363479	-0.217613845272375	-0.325042511311456	0.565654784684241	-0.177776784489185	-0.329209570801712	-0.737295801623867	0.187048110131556	-0.218729674969651	0.567162982193156	0.621134837953526	-0.67029722888763	0.38771995399505	-0.0271983186208259	-0.133735649151336	0.138869364003617	-0.314870411961629	-0.194509078604245	-0.15788571287338	0.607308305963025	0.3680989149454	0.582512357593486	0.0814134241324737
ENSG00000014641	MDH1	0.118897203616358	0.118896269190284	0.118786785616902	-1.22843672281145	0.128003644690329	0.0255542216512273	0.124216887092493	0.130428881305569	0.126128024352084	0.103127889173441	0.130428881305569	0.0260519468765797	0.10149778871437	-0.122845302083	0.0557043897438017	0.122154256478427	0.128826655902901	0.126090830270543	-0.98116723137173	0.130428881305569	0.0720513752162299	0.11806327492742	0.109714991153165	0.118753402938694	0.102286565764334	0.123390809634152	0.0667675835968929	0.124817563075828	0.120676986660035	0.114649620336264
ENSG00000168906	MAT2A	0.0985283058429432	0.0986841613110654	0.0986841613110654	-1.10374786985248	0.0985857297089396	-0.0233849867522593	0.098230940842442	0.0986841613110654	0.0972263906049039	0.0961145686419094	0.0986841613110654	-0.0882381961070785	0.0414303071596663	-0.282422997311072	0.0986841613110654	0.0894350406588302	0.0986841613110654	0.0986841613110654	0.0927454518460005	0.0986841613110654	0.0986841613110654	0.0986841613110654	0.0939429362322214	0.0986841613110654	0.0977535212623136	0.0986841613110654	0.0986841613110654	0.0986841613110654	0.0986841613110654	0.098400603571602
ENSG00000115486	GGCX	0.366205261753098	0.0813084337581901	0.462111208721474	-1.24177464226393	0.231602428093547	-0.577418976245186	0.376857326466598	0.816674769956732	-0.0244383913422775	-0.00432751715476313	0.698871790595405	-0.782819599402062	-0.317265810544177	1.32052034871625	0.932429323417733	-0.391950868138809	0.684540459676842	0.758524427926063	-0.266214122703587	0.415889210206871	0.385577389319372	0.252267020272562	0.324913602473745	-0.0435817602303713	-0.0268905116746664	-0.0408891765187841	-0.219599161960309	0.780014259374094	0.823563009077064	0.493697989765648
ENSG00000118640	VAMP8	0.854677228201531	0.290430827535499	0.729964007725769	0.984060944018968	-0.107675284896806	-1.68359778448444	0.885535662542947	0.0744240885494561	0.350993936521115	0.299594860407538	0.559274101250053	-1.29918809821721	1.08747013049033	1.05118559592635	1.08404491427591	-1.25334289724465	0.349949770491192	-0.83848685471697	1.06564904973948	0.765464752919505	1.02110568149604	1.08313091766703	-0.0980708598778728	0.978801125625387	1.08747013049033	0.831019323904255	0.490659319051372	1.08747013049033	-0.290462296035019	0.85675479577521
ENSG00000168899	VAMP5	0.213365587104743	0.211535988103841	0.213365587104743	-0.0441668247861346	0.209045797865718	-0.397636706203545	0.212568799229582	0.213365587104743	0.0384576194769479	0.172775708815218	0.213365587104743	-0.0115825026218113	0.152262954664089	-0.23833682299259	0.213365587104743	0.202333637461522	0.213365587104743	0.212011065307497	-1.31933178597207	-0.150925181453074	0.210494737599628	-0.015298760086103	0.139971572762777	0.17135251516954	0.213365587104743	-0.156537596725224	-0.959857857341164	0.211089203969539	0.213365587104743	0.204510838471168
ENSG00000168894	RNF181	0.0877192376287693	0.0769719660840767	0.0954643963418054	-0.0724190902155226	0.0951584182901936	-0.186282459645221	0.0939154364869463	0.0954643963418054	0.0592397643914063	0.0787256523859319	0.0954643963418054	-0.345963766088129	0.0451433651708373	-0.170102465924639	0.0954643963418054	-0.0608268514148075	0.0954643963418054	0.0954643963418054	-0.141190475354115	0.0129797739825594	0.0949160492130425	0.0888045479562348	0.0918116991869051	0.0846697578470924	0.093164386071795	0.0698960773652632	0.0954643963418054	0.0942484767500206	0.0954643963418054	0.0954643963418054
ENSG00000091409	ITGA6	1.19345836020988	-1.97553029514677	0.623060641770548	-2.51916895352935	-0.360672029684935	-0.86395868684173	1.29657624243249	1.19412364046978	0.45075765409835	0.493853209846007	1.09776670200031	-0.506137669045077	0.447619654906094	-1.84906298191923	0.91310660631715	-0.740264606336991	1.37185797125414	-0.811248537294255	0.428717577132133	-0.593209747665753	0.847059056467048	1.35238463418752	0.265494430065317	1.01729924931265	0.846877823469384	0.785597382564067	0.63950882422807	0.749744634309907	1.26646659253651	1.23500997806056
ENSG00000152256	PDK1	0.257888016474425	0.238059278950003	0.0278566617903463	0.306845645206462	0.573080509050842	-0.987731554238764	0.203704066319537	0.224727081289796	-0.18744705086458	-0.0663514633940799	-0.0101048719447437	0.00168945974363839	-0.767506625174668	-0.461894610402281	-0.000764636863987317	-0.6072965574679	-0.289430782517734	1.07228577152134	-0.969875063423509	-0.348764970983233	-0.224892068387678	0.646253353350621	1.28746866671559	0.0317251571629043	0.620087504392034	-0.318011187831729	0.171663989792452	-0.274431244985478	0.0271197516752279	0.557953135509636
ENSG00000083937	CHMP2B	0.30934059023204	-0.233592421332561	0.498711299119617	-0.706387208977904	0.680323932886693	-0.609936478832712	0.326263202612925	0.626001626841086	0.40049338783188	0.32862410982059	0.562903854158302	-0.991405654721364	-0.544676155691571	-0.962973163085914	0.330903057958242	-0.38101680293035	0.473983164247673	0.58714679311999	-0.910849442857903	0.578912737717011	0.437521894010213	0.0368245602111127	0.330806492949484	0.258171080459759	-0.290588780344022	-0.218822454298315	-0.466954413286334	0.653956590090997	0.61593832172203	0.617209997962328
ENSG00000064835	POU1F1	-0.130958750971083	-0.0939224784230921	-0.0367547234186537	-0.15497674203961	-0.0520013380182822	-0.0264506049989371	-0.0874424979558207	-0.0731899788473435	-0.0610702974373896	-0.077931199518295	-0.0681959871350021	-0.150947974164064	-0.119371969652921	-0.125377213124569	-0.0613389240195231	-0.0681743591104174	-0.0977725557541295	-0.08481536699439	-0.151506446435739	5.22281789380575	0.0272617272067362	-0.136388826781005	-0.146582459696794	-0.0907400814793524	-0.0803054299418571	-0.0932641156523475	-0.0860379352363793	-0.0361105538539889	-0.0660765905456654	-0.06898137200605
ENSG00000206530	WDR52	-0.182786784321139	-0.424815838771221	0.594763908734688	-1.54759824786956	0.00321608556775749	-0.46964707688139	0.501015178076744	1.22675935353391	0.512366775380384	0.135210045517998	1.44844463633207	-0.967576109023608	-0.447231072275277	-0.674410244396206	0.596668270264042	-1.12040020534057	1.09957345011875	1.02401930017248	-0.080197208206099	1.81266395986905	1.25938786845891	1.08804413331931	0.0114115507528876	0.62807902772026	0.395055994174218	0.395701446567886	1.51891185034637	1.06464117420496	1.10213897600525	0.633688287990602
ENSG00000163611	SPICE1	0.227763378417278	-0.416758826197555	0.70009059135295	-1.14558749736568	0.330608917646559	-1.02815257189268	0.691576393299351	1.3327632952004	0.38533547293925	0.242877789228273	1.04669466103558	-0.888005989146592	-0.36573544285468	-0.838831892267672	0.555423526414262	-1.23233999492041	1.0592142936674	1.27155915296889	-0.387731932204716	1.33023965662633	0.883969053636077	0.890289736716597	0.474634423726223	0.385540077706606	-0.00234422505736883	0.132480702019563	0.696973106132592	1.12947160543446	1.28696147252016	1.06130167330447
ENSG00000072858	SIDT1	-0.197659873513716	-0.648606082254974	0.561190729164941	1.2671070627355	-0.736953711561507	0.901987676433497	0.728777634342861	-0.197596621689903	0.172648286354169	-0.465112816547418	0.0693045228727954	-1.08677363282632	-0.63757843277257	-1.07627968507307	0.661339804097857	-1.23199097324324	-0.323980766147709	-0.896698391648576	-0.832810067494633	2.07983074599896	1.467089080171	1.26261747391258	-0.746203755647953	1.74509712135184	2.37826809002026	0.150695950352008	0.350485445113087	-0.488464412645648	-0.458356878725545	0.0158857126490181
ENSG00000163558	PRKCI	0.064337221284843	-0.70888470607124	0.56201860660235	-1.98804967037863	0.474086431857352	-0.417668864596597	0.0969522173751407	0.720053050012836	0.115786136935987	0.619470535491375	0.758064837882911	-1.18125741067737	-0.30220460540097	-1.61622545006397	0.618877867428717	-0.982130407515574	0.807337690509321	1.03338907972496	-1.3172221082658	0.484247341904846	0.689845132319824	0.822397651407553	0.637470303682335	-0.136824869526801	-0.69365886240487	0.475756896209496	0.772794664098951	1.31090271014968	0.852237831581915	0.773753799106308
ENSG00000136603	SKIL	0.386622232067318	-0.0875309983026003	0.181063977221929	-1.26931662364884	1.02380987371373	-0.869427945300449	0.237711209271708	0.574899376911639	-0.0996175676846344	0.0399442407313573	0.580618276834086	-0.652191532485961	-0.444511919250837	-0.514261202262936	1.30520874779258	-0.285053902033447	0.771407998385954	0.864319257276041	-1.19899781955137	1.0221181663996	0.636931752441923	0.162568519500392	0.0070409881839777	0.507973833794654	-0.233789794038529	-0.120865650172878	0.435569511662984	1.02737993420377	0.604070473856304	0.7424062304086
ENSG00000013297	CLDN11	1.10965786276937	-0.849110589253831	0.894914216183314	-2.54424350828486	-0.736135240304293	1.35186603747368	1.13470833348569	-0.24518694905954	-0.217656430527994	-0.750265003933914	1.23941112027055	-1.14469429638559	-0.72692801700065	-1.86640153268703	0.0766328868202739	-2.01635443318323	2.10950543205482	2.89586582640753	-2.25250240266331	1.47480020003396	0.949319513405698	-0.382402865662027	0.578423120223765	-0.337321791313872	-1.16162235755345	-1.21397621919818	2.95469194001701	-1.14251584483488	0.375185726205589	0.606714078803971
ENSG00000163110	PDLIM5	0.505935443114913	-0.536933609015033	0.744483825308897	-2.0611900735348	1.36567457302943	-1.11801642209322	0.477698290667198	0.501916417636861	0.151532111644737	0.401837021815176	0.873040827987415	1.00063637070166	-0.531439590313024	-0.664043262843064	0.218626168405728	1.38969928236366	0.536776661620586	0.168735436645224	-1.3944950493288	-0.369378043766324	0.970212670523085	0.417091073774357	0.0936302766298536	-0.244927931735101	-0.775034989308041	-0.558699527393258	-1.05140304102438	-0.0230117865943277	1.33291886258282	0.516038986542487
ENSG00000168769	TET2	0.116742203568127	-0.477449910942165	0.154081997665337	0.859166137424883	0.242386458944056	-1.03072215052073	0.256242817698811	0.966117769876767	-0.0126299860048928	0.290125944314965	0.777580760223299	-0.976816689765625	-0.677038541981283	-1.12067698257365	0.837503914187177	-0.829309340265806	0.874228638877863	0.516523813990065	-1.02656059895615	0.611456948845847	0.330186397337606	0.509587993023719	0.773452032558846	0.28899283666008	0.764118415779326	-0.414323346432852	-1.00054862811337	0.460591854802142	0.950761576387962	1.07541279707589
ENSG00000164362	TERT	-0.142262548438053	-0.145509332164326	-0.135940160246632	0.0346829016699987	-0.143493781539343	0.0581330766304117	-0.111978752923732	-0.109734271995834	0.20312827011806	-0.043650526497232	-0.111568675530811	-0.147215836991866	-0.132489525861711	-0.142416666609153	-0.100072200373662	-0.147612703376321	-0.141210240025896	-0.138908981983132	-0.145688073337106	-0.119130293834948	-0.102471365184139	-0.0491359737292452	-0.0325409163151354	0.619756228096466	0.526708820317623	0.118000984261458	1.75100533406165	-0.115026931709919	-0.128922092357816	-0.090868511771501
ENSG00000113430	IRX4	-0.603292119337575	-0.821568329477918	-0.778899760883141	-0.834267162248653	-0.773741307734518	-0.815092745492961	1.16427024881588	-0.260679159142784	-0.822278800278958	0.826263718258616	-0.764186572986604	0.656538524273362	-0.812237242526721	-0.836423179502933	-0.805629672466827	-0.407038926913946	-0.813214210924336	-0.776052578012887	-0.823831793829981	0.0683980463900977	2.52924436880336	2.82758273972829	2.70055285858101	-0.813888600427246	-0.83291054722847	-0.813224654045794	0.36464354491245	-0.794983278771779	-0.809758755523355	2.60876067392075
ENSG00000043143	JADE2	0.18086242489804	0.544049740461549	0.772783744746466	-0.268305751915431	0.620592718359875	-0.220363488466313	0.292808750475617	0.780606080239874	0.162729889721618	0.0770232231262319	0.796186857535621	-1.14017137522489	-0.534074123004133	-2.13561821335386	0.409397447348212	-1.11744558282679	0.830518634581665	0.862896814637889	-0.930735984188181	0.508847948983718	0.470395717779343	0.0189853747269511	0.0151577739302726	0.649521507158931	0.933052173351733	-0.136263817821576	-0.462276322193414	0.733346938444725	0.848726768587384	0.146797646184298
ENSG00000137166	FOXP4	0.117221789705473	-0.676572546593447	0.35510124485232	-1.66633522962623	1.21418580994139	-1.02225618556513	0.46750275250757	1.06473813940263	0.491825263448787	0.25596174131096	0.60140774684228	-0.807382358407743	-0.222305129542972	-0.334440103474021	0.538062128344907	-1.08114251781751	1.21344080971559	0.504016147748708	0.00365212145152111	0.627087445957542	1.28879965955861	0.653666294843549	-0.1796737006002	0.350033809846398	-0.760407377821354	1.15172810808272	1.32303632421256	1.36268763943433	1.27646978429501	0.300039418926598
ENSG00000183807	FAM162B	1.99916984833091	-0.554269953174452	1.22092614539133	-2.49676653198953	-0.498359214076959	-0.860288683456071	1.67858955329857	2.14990888059288	-0.211287049642231	0.693975085613116	1.8679131714017	-0.373630627044597	-0.225374991564669	-1.92016209818889	2.08155254748768	-0.24269863684016	1.81403774199051	0.950022982057361	-1.46292012815316	1.085695896651	0.972766985379945	-0.0171838513727049	-0.693525947603997	-0.528253411131569	-2.32475019201772	-0.203694045698024	0.107470970116965	1.84476915189839	1.50261365968315	1.55311410631999
ENSG00000173612	GPRC6A	-0.0188273507346972	0.304377832412646	0.00851829548223693	-0.0214568044363169	-0.0205505448974792	-0.0201174895801985	-0.0171476573050142	0.012450794199795	-0.011802835841136	-0.0195627792808874	-0.00781325085066966	-0.0218728476829647	0.219641659891978	-0.0215870268024423	-0.00849616668787477	-0.0192706667127167	-0.0105290092519206	-0.0104325295821171	-0.0201888286008192	-0.00646633188314967	0.0926560526626454	0.96488644228975	-0.0203094344013871	-0.00555201731187686	-0.0207209089526009	-0.0198258285833187	0.0343566373818546	-0.0132837032143637	-0.00742095205088404	-0.00485087446512894
ENSG00000185002	RFX6	-0.0954065690739963	0.500730853988095	0.0711169622427654	-0.131314217769311	-0.125802305336221	-0.079973336546861	0.106110206284394	0.0117561999273347	0.104156716707496	-0.106869508391133	-0.0458903528090307	-0.125352142583061	-0.118284834118314	-0.126863960918507	-0.0119205187119625	-0.113484320621867	-0.0392645891532597	-0.0893504369500554	0.970822610533288	0.150220778918473	0.153490632097921	0.0346701895808286	-0.113210795214312	0.478882184908832	-0.124118958401804	1.20232012920893	0.499618817846429	-0.0995428284797774	-0.08717566576651	0.0134687761646522
ENSG00000175003	SLC22A1	-0.050163067602894	-0.214222960584073	-0.22200382058408	1.06244411496134	0.0173181645641592	-0.521832748060564	0.04513385608998	0.112314256993134	-0.220071897270752	-0.268119583909945	0.152944433255159	-0.599537063989355	0.00383134225499218	4.89611810201506	0.219650308961228	-0.0719395537712328	0.0106403581602355	0.141275584011726	-0.385674703447774	0.0178748988989033	0.173479912035687	-0.0524942629434272	-0.077118337449322	-0.143860872349004	0.84961811399041	-0.252439653166944	0.071192987587925	0.639650591732946	0.105494830504898	0.0833416821758785
ENSG00000153814	JAZF1	0.460083481259767	1.49101757073749	0.808559576280757	-0.392560164188369	1.2189350453504	-0.0806513276483411	0.227219378085268	1.57205793326693	0.699941696467609	0.125150631046087	1.00868267731616	-0.921202403111485	-1.57352909822791	-1.59171931425042	0.205878179887641	-1.60685257895515	0.22466651663128	0.5092707260612	-1.87399786570753	0.561915994417295	0.74453086131237	-1.19530230445497	-0.304910959198217	-0.483723628546472	0.131846227970562	-0.816497111416956	0.644776986261161	0.128064200572332	1.62027611514297	1.17206228591465
ENSG00000164715	LMTK2	-0.395640199658151	0.157749717401963	0.127204980879155	-0.744323551680931	-0.0615042364807326	0.073734769415542	-0.301647955975873	0.0961816032031192	0.0181337624344639	0.0416340114001058	0.00333256452802338	-0.451205727562731	-0.883992342599972	-0.846433897527642	0.578897322723132	-0.0493974057074814	-0.0727640162005986	0.113210022067865	-0.252625388312872	0.59863419119171	0.0149282395563207	0.262435797312726	0.488248112933318	0.0971112600962532	-0.0693759606307379	-0.0568685635049534	0.404245773852181	0.363812329193766	0.12870988337433	0.406953170158404
ENSG00000180535	BHLHA15	-0.603066368346477	-0.530559502976063	-0.365596302782464	0.140216168140478	-0.56888072537823	-0.229046676178918	-0.264762108718424	-0.448666366710815	-0.0458202272285993	-0.30719616550156	-0.283920727685845	-0.69106391643189	-0.318113840995046	0.902502617047737	0.233044897127947	-0.561638502547811	-0.586927785268152	-0.5871410612655	4.85429939341978	1.00579836093208	2.08472850751478	2.80704640574677	-0.188155826972163	0.793435383488924	1.89941922524696	2.98757846609557	-0.420151282789376	0.0607609679958961	-0.617662349715988	-0.378938227882758
ENSG00000205356	TECPR1	0.10193713135979	-0.422661884279379	-0.00203061537583247	-0.091484137578683	-0.197917025617971	0.0351790379740975	0.117694415491718	0.118042383777653	-0.127315012438122	-0.0387332381086798	0.273718004482719	-1.08351323737573	-0.659919164878588	-1.00211551292758	0.988660098791235	-0.936141097818054	0.599487952599373	-0.099589653303977	1.55403640487063	1.21339854043981	0.669092893686078	0.414493756035832	-0.382900171394936	0.366945008428097	1.23222607575342	0.589754268638158	-0.133065088762986	0.642981697121739	0.2924475071946	0.0133751286732253
ENSG00000183117	CSMD1	-0.234592249229796	-0.293517730850841	-0.324482918830337	-0.392800755705336	-0.35357293234944	1.26644385577251	-0.233793643996641	0.0139030581630365	-0.341430699735106	-0.308806512357336	-0.0631125408687078	-0.371575759567239	-0.168178937505965	-0.402873190384769	-0.117971325808341	-0.239354623005983	-0.304220995416099	-0.193637538612507	-0.387432136138515	-0.095304295182181	-0.233117520377094	-0.28818689022362	-0.287700774824614	-0.314460115260636	-0.0453124628627325	-0.354578650920454	2.01723630133963	-0.210128825211507	0.0474271956530266	-0.238022132602377
ENSG00000167034	NKX3-1	-0.0589623668931468	1.08420564851915	0.3303439220738	-0.868336954130973	-0.298431792159067	-0.586584708782935	0.339365136623376	0.369800239300113	0.0321917041974823	0.289310068898107	0.835972483288687	-0.0743504204335635	-0.59478387842754	-0.0746389878728956	0.365095746431704	0.362936087114647	-0.486509025782171	0.716776606250005	-0.731359502921705	0.0151476436832242	3.98689275100224	3.3693349603792	-0.388080421952645	-0.110999763903001	-0.377717773697386	-0.118972995771969	3.71935222449216	-0.390566739833573	0.691342127806481	0.72378928826981
ENSG00000206579	XKR4	-0.348803291621636	-0.465728991744188	0.02040883569645	-0.556068731187954	-0.317969829919908	0.472693202651771	-0.353671899380572	0.155173290602306	0.729883329362126	0.464833576754192	-0.325708644056233	-0.135836600328134	-0.323419123733428	-0.531690912986493	-0.493389730707673	-0.55693196695391	2.15995740943071	-0.410194773149206	-0.350055418546794	0.682931299978422	0.0531500222677201	-0.223161130884912	-0.353005469220135	0.0427095485362437	-0.529192456204736	-0.111542161203341	-0.391629376492333	-0.312881727909606	-0.37750488630972	0.200245662920395
ENSG00000254087	LYN	0.728398665387992	0.03202609514577	0.505504749406102	2.76663288892815	0.119804152350331	-0.756347406863027	0.646297691253377	0.0627688537698007	-0.133950535022768	-0.217165010420501	0.54840209337992	-1.16717531342588	-0.561073518825775	-0.316759648834477	2.25601842590332	-2.02082337844667	-0.159658675493093	-0.648074488259287	-0.475599417213142	-0.00796217432177762	0.159923136190425	1.05616317530014	-0.638915420800313	1.31438697259254	2.81371531327571	0.0443132797506607	-1.05457233353442	1.12013095829449	-0.368983567071741	0.0893059244914076
ENSG00000008988	RPS20	0.00138817244267031	0.00138817244267031	0.00138817244267031	-0.0158042122885984	0.00138817244267031	0.000964609715651575	0.00138817244267031	0.00138817244267031	0.00138817244267031	0.00138817244267031	0.00138817244267031	-0.00678654911174964	0.00138817244267031	0.00138817244267031	0.00138817244267031	0.00138817244267031	0.00138817244267031	0.00138817244267031	0.00138817244267031	0.00138817244267031	0.00138817244267031	0.00138817244267031	0.00138817244267031	0.00138817244267031	0.00138817244267031	0.00138817244267031	0.00138817244267031	0.00138817244267031	0.00138817244267031	0.00138817244267031
ENSG00000181690	PLAG1	-0.251626417234541	-0.68997644050127	0.230109701290065	-0.759460057777953	-0.656765345407418	-0.351160062621842	-0.0405166157377915	1.38932813311782	-0.212198679339878	-0.313237212385785	0.820894771654447	0.0919461783206543	-0.0974768544767064	-1.04249709731844	0.79826155215787	-0.949628718825839	2.2124115906572	1.11325332519182	-0.76470206177799	1.67052755055447	0.397472688183471	0.889596051049383	0.423513521634349	0.798435928600552	1.00544890700431	-0.0875139384738278	0.76000920537539	0.559868771406196	0.287373967994161	1.3771369967332
ENSG00000212993	POU5F1B	0.168395543726259	-0.107180853052901	0.105169218226543	-0.118664645960745	-0.163152277904315	-0.205446298892923	0.357596460784507	0.408313249360525	-0.086618466914753	-0.0478550530014488	0.254763659559838	-0.180735459358182	0.217307285660177	-0.147347496522291	0.0757920572635363	-0.224030122671216	0.0254176169441336	-0.0453514545193635	-0.0464007617512318	0.133897326842456	0.483428541257908	0.389818795308198	0.182666965313816	0.00234495495355865	0.128062263242426	0.0199934259928163	0.00859414969801701	0.444373249074484	0.336891404691629	0.254861589472247
ENSG00000180176	TH	-0.378432542144273	2.31936666991134	0.738671174161017	-0.538270057630182	-0.468807837132855	0.797993135248119	-0.38282160477526	0.438812698615636	-0.345126718946984	0.0962315434832627	0.0237882082655598	-0.487614653513161	-0.330182042303976	-0.0535091892898334	-0.399978832341342	-0.520403116475357	0.0547974188362747	0.569955659845443	-0.359463767963528	1.34046755551679	-0.0194829007888175	-0.366881512154983	-0.0321371042957926	-0.154864882549706	-0.140638648722659	-0.131589680017842	0.642619907623338	-0.326779265068996	0.122478083662644	0.417789026222517
ENSG00000183734	ASCL2	-0.333517435217697	-0.560476352530448	0.541053316311367	0.538497886865481	-0.570774513137046	-0.584425507571822	0.121510247506246	0.832378088189068	0.219312010430348	-0.147154313982816	-0.172172374403371	-0.870298025596349	0.132420750537266	-0.40586205476774	0.121970859964387	-0.942514918512058	0.442652618039129	-0.727824210665268	-0.455135514619361	-0.676658966910188	1.22574256705454	0.710695640834616	1.47027829249034	1.62741125236927	1.00508074416548	-0.230084345655537	0.578802337635919	-0.0288042614785387	0.988582152490377	1.00047340983314
ENSG00000110092	CCND1	0.65350079184294	0.33915193409882	0.432645787363601	-3.62465211787472	1.11160774653085	-0.860424089239005	0.882837195636405	-0.428283266245204	0.078466843695985	0.885983385339237	-0.0474975442723918	0.204640362793345	-0.202575260007879	0.22396255608174	1.04562425249156	-3.08850909476183	1.18704883107054	-1.31210769332156	-0.187904057757456	0.812607200156694	1.1395143864062	0.832457346105792	1.18244439182762	-0.531633914175424	-0.0993738935893038	-0.0249577881146577	-1.82365845647078	0.987476539062382	-0.119568519405096	0.928442333262856
ENSG00000149716	ORAOV1	0.0779425982685936	-0.0126940534559015	0.550293540899471	-1.13681127781263	0.18151502380324	-0.383852992284772	0.246666135699136	0.821618726459147	0.280171703424422	0.248791908885214	0.776057999750272	-1.13115071696829	-0.482716670702611	-0.968495030665093	0.158008682689232	-0.953032665313544	0.66178348849241	0.819789868045513	-0.592119138843745	0.53792536018279	0.57492739911064	0.0815323926446682	0.588869648713877	0.393583796095421	0.713108618751592	-0.00289594111468504	0.638751172948412	0.752347143213143	0.894244699301554	0.603252307205262
ENSG00000162344	FGF19	-0.0444551269087718	-0.0474267915044259	-0.047995228541801	-0.0490365692743302	-0.0441755665189588	0.0449823645953269	0.0293374656916262	-0.0120691055651576	-0.0325716672377363	-0.0404887022479655	-0.0211933982100481	-0.0494102524726105	-0.0459686131609715	0.160104479289717	-0.0456901507917503	-0.0496887421165706	-0.0360761763418204	-0.0464145796186676	-0.00316991596603512	0.170806026334636	-0.0198277915705481	-0.0478221261964573	-0.0269551456520476	0.66253217523581	-0.0480597842820039	-0.0417551483644233	0.503958142824665	-0.0423520429202559	-0.0109701023484913	-0.0335616947702125
ENSG00000170421	KRT8	0.0720570945147587	1.03845579861441	1.74430782653022	-2.75880085600952	0.339351178165972	-2.80444145137108	0.853540578868437	0.410328987106739	1.6712194995614	1.7645338813212	1.22812760044646	1.33130062911767	2.1706272936029	2.26714366873434	2.23424997126429	-2.97093390738326	-2.09367443563639	-0.60642004683787	2.29932321921355	2.17062777591171	2.15078725089862	2.16710448139342	0.265257128529195	2.17415577048473	0.193655122074982	2.13492915676482	-0.39544743991187	2.30723761986976	0.576432310852577	0.779005552798377
ENSG00000111057	KRT18	0.678480488050796	0.887884621959655	1.17187408971212	-2.41037959238753	0.48499459214426	-2.01675507058328	0.833767645344211	0.97283158744662	0.374060016060288	0.758948276841675	1.52606027686434	-0.560833752567011	1.89928245174116	1.89834188525479	1.90032080861509	-2.68983662896193	-1.17007662308542	0.3803613626067	1.90628511020785	1.84004124268959	1.78969387055088	1.89495056217944	0.60862892448557	1.60632172518216	1.27049915702615	1.30263943679191	0.000104648902298912	1.90597294672864	0.649761537075851	1.57099368032581
ENSG00000141252	VPS53	-0.182332600508585	-0.229862047371266	0.0393612577251771	-0.585400545707955	-0.0848989057023765	0.345540751353311	-0.13675479870118	0.342463371332746	-0.199474265065469	0.00861689555640598	0.244662904548894	-1.0502430268717	-0.689287337602337	-0.986125758049102	0.39502563260514	-0.593847179853696	0.348290816540801	0.256697883697077	-0.965919490199058	0.676559621796652	0.20194870302895	-0.206076741429559	0.368568268424984	-0.101844781597076	0.21150468902589	-0.196563199659622	0.936351074529398	0.69748319381531	0.351861676773448	0.206344126471489
ENSG00000167695	FAM57A	0.095527085114217	-0.944542926478012	0.746918018410754	-1.89082874867957	0.0497988888242248	-0.609102839851841	-0.0538327685694566	0.832489914492516	-0.192012870997529	0.575353059225026	0.385873463219542	-1.26054398124885	-0.822174296767378	-1.84307795992883	0.325555605533861	-2.13140517722993	0.657755680941364	0.351643936815713	-0.775566369772754	0.833411566023719	0.835372934710447	0.711499527171224	2.26283276384111	-0.0022889945138715	-0.735112368213691	0.631132363245441	0.893555134469839	0.462427135343887	0.480384203629174	1.45697119826949
ENSG00000004897	CDC27	0.679737710286108	-0.201197961839508	0.314203477821606	-1.02027881542351	0.701463586384298	-0.519167777171072	0.54501224299411	0.600790022840542	-0.0386645431465927	0.0101287073964337	0.489669134261042	-0.815780147032214	-0.982140838623251	-1.14887469716646	0.533066226736115	-0.256087828197692	0.653102023440515	0.237158770789788	-1.45744440500157	0.208075323261672	0.0246109300410472	-0.303759805199634	0.292380079683661	-0.137492313438498	0.0875388902070167	-0.482571950750813	0.382498792456372	1.03814485960496	0.773148937091187	0.288105698218903
ENSG00000259207	ITGB3	0.827745728255577	-1.8537604622787	0.845365394575148	0.0226879178105927	2.59724879738474	-2.13709429333185	0.526509972337451	0.328605804203394	1.42261411006694	0.476869026065213	1.39433559264164	-0.638293981539794	0.96010419783132	-1.52698207965259	0.654373146062359	-1.62236828249967	0.935669371885067	-0.839923122989333	-2.24289720680331	-1.03792888651803	0.021048062975599	-0.453593800422256	0.162944506486097	0.419880979665747	-0.342718525124176	-0.309234002682656	-0.461308279119596	2.72368700620064	1.57038936777245	-0.302927717538095
ENSG00000178852	EFCAB13	0.407619579244683	-0.344889987155005	0.428186455052294	-0.969303846449093	0.823409945227687	-0.989057313227591	0.477709152811981	0.785539915386164	0.241989298363215	0.0168789113322863	0.823950493310571	-0.622116193993384	0.654897948067127	-0.607689589792761	0.276066027692279	-1.08600673186446	1.17612030153142	0.725357367716612	-0.7746357946052	0.165194891613678	0.430235043808685	-0.0156802487289587	-0.244408647528735	0.560924743971739	0.287568448854869	-0.180001806582342	2.39336174872214	2.16867871674979	0.862894654191181	0.333177554760467
ENSG00000141279	NPEPPS	0.159446337821707	0.227721401650843	0.307496260361263	-0.55310229548384	0.306730022268127	-0.463014722365743	0.158076155189233	0.422425098992333	0.257950616655603	0.334722548031007	0.419930533800012	-1.05044454915681	-0.742470909782523	-1.52410976455011	0.338784839527628	0.319800761484546	0.382526428729001	0.433022101807837	-1.04130103946821	0.131917193591451	0.174504748278327	0.222214582460791	0.41162974804877	0.234329576001786	0.148509798467859	-0.203580998267689	0.0814475080639759	0.25882771064102	0.414573745410462	0.423701849833289
ENSG00000005243	COPZ2	1.09619271770529	0.393010941145238	0.667672066566125	-3.04515145110769	1.2312330302326	-1.62503885451189	0.867085058481511	0.871554017577428	0.407881341044952	0.48502995055327	0.778842725652194	0.0386321126804711	-0.660526392691907	-0.277184519114786	0.214407998163609	0.871634472448911	1.2404959287436	-0.463249506114904	-1.57001665187996	-0.407147700509324	0.773345648228505	0.098671544753859	0.671320763434189	-0.725933151232459	-0.843244885738716	-0.75925757599601	0.334178094812783	1.00543831558977	0.889251466208169	0.650202001161693
ENSG00000002919	SNX11	0.0704918943990626	-0.19450084975514	0.290937935004927	0.705430310688952	0.121371073962746	-0.230774683277422	0.0694931732685088	0.148586644545705	0.149596172369647	0.464430749299339	0.151830432292041	-1.20692508830537	-0.292322424595608	-0.85227479938498	0.235044014813839	-0.940015243734143	0.391603088421185	-0.0672453021975519	-1.11382089443408	0.114880570247248	0.297428654856453	-0.220484078323899	-0.00576526416904735	0.0948218018118241	1.05932515084174	-0.190056399330677	0.352536343368906	0.721969896538382	0.30443506853367	0.215623341528422
ENSG00000141293	SKAP1	0.000987824707091489	1.58050948645151	0.715375484756599	2.66080035496004	-0.619808805735282	-0.976053023354523	0.481593574083224	0.334388233323233	-0.203379112338324	-0.361450029070946	0.956709928778524	-1.05505052839339	1.93394650259175	1.30053892651947	1.15881596964204	-1.13712321056917	-0.0116334279887893	-0.810655403706187	-0.100949184211143	2.85935712359653	0.166833087510418	0.562665736261283	-0.603374263293432	1.3886202372306	2.41781151252996	-0.105730537347418	2.95976363293113	0.154367388292386	-0.00675879215682758	0.028705863699357
ENSG00000120094	HOXB1	-0.068164001057486	-0.073054523019846	0.0452389722976344	-0.0769435499099294	-0.0709181179105244	-0.0782953202085685	-0.0220698718899381	0.120529727641823	0.00535725288280634	0.164960703779914	0.266963590670418	-0.08022178667279	0.185841120312987	-0.0796539419745794	-0.0202661702911777	-0.0754292515114599	-0.0684609987808824	-0.075300358121541	-0.078157452115532	-0.0777090549996928	-0.0162243515384079	-0.0779201944186191	0.150604831569414	-0.0282921124203638	-0.0670815712006916	-0.065090947060499	0.770982034956658	-0.0739243023016446	-0.0503662770059174	0.309806767507068
ENSG00000173917	HOXB2	1.21923223081654	1.31381503902487	0.671878724524314	-1.08720303293983	0.828330308970395	-2.55089617826921	1.52630509442889	1.72553955497201	1.63684100964442	1.92384024241765	2.22754569521155	-0.712834891476574	1.528225172136	-1.5163303275281	1.20463481350731	-1.00366305518155	0.948828501110533	-1.16881957714076	-1.76161218641352	-2.41468104191729	0.978408336904765	-2.27567609146003	0.513823285674123	0.882001707481567	1.0750908357695	0.30820243864172	-0.24227888318973	0.197109091473953	1.62122961113354	1.42176160681025
ENSG00000120093	HOXB3	1.32290330714704	0.549613570585881	0.817748782019197	-1.4635165058652	0.0410600729822588	-2.23353869334649	1.69205034656108	1.50934331184903	2.39870578498784	1.78375268787503	2.46348481303339	-1.16003856112754	1.61532360759998	-1.24157759363055	1.26833389236496	-1.0987548268948	0.923727736824064	-1.31952327941299	-1.1962002661256	-2.18823276099226	0.746510363630802	-1.92856295839062	0.277716214125269	2.03927254371092	1.44104644568061	0.783369944966695	0.944825654317156	0.0879352564476084	1.46504160439261	0.983045137017382
ENSG00000182742	HOXB4	1.10290786110095	0.574662376227984	0.349960660948431	-0.871772993463756	0.132388498832826	-1.78076520821874	1.22234398333366	1.05538529152407	1.89168010006904	1.8055848437005	2.53091301786992	-1.18366812041986	1.15380126873537	-1.00388161712425	1.62517742675546	-1.09018312806577	0.925616301576991	-1.32104782674323	-0.994744447891547	-1.79681960656168	-0.242402457109124	-1.51444306880427	0.0235033450287396	1.37593252785039	1.12231497614671	0.722468314433227	0.000744777224854261	-0.0697112111532804	1.05474203071903	0.752424477108596
ENSG00000108511	HOXB6	1.26245427051576	1.41467140982687	0.89854189727787	-1.11652470230967	-0.268161342336519	-1.04965831635244	1.04997667511835	1.2113194685778	2.36681519495368	-0.148153459126601	2.03677770638235	-0.93137845346104	3.19663579678462	-0.883280515151844	1.6523354840756	-0.761238872603341	0.0753547104812723	-0.8448038598132	-0.701196800774832	-1.05110681959957	0.17197750334317	-1.03822525499957	0.0644684869193474	2.52656920382332	0.637966015317461	1.21957483776495	0.216945963051885	-0.394208466140963	1.08194666134382	0.568163405448162
ENSG00000260027	HOXB7	2.17714802409586	1.9768227649841	1.56606161127159	-1.18646563068421	0.0280633639449896	-1.53990545740982	2.38495855948413	1.67639622504178	1.91419166810868	-0.909734644340931	1.87938753677997	-1.57342343208525	2.6590024262074	-1.54987478389018	0.481404889613466	-0.680483397656922	1.51442374728278	-0.998112614025786	-1.21421429625065	-1.56097748630291	0.423639425077958	-1.44762445392007	0.900345261834878	2.86822747825099	0.620133531909773	0.608929845285749	0.541703461577885	-0.912619746823945	1.52899339317907	1.59335789101425
ENSG00000120068	HOXB8	1.19460545212058	2.24046194041952	0.923113887988138	-0.642456081198545	-0.30146028238222	-0.409629791075113	1.25516015924916	1.33680180260513	1.10554382453668	-0.490301367201836	1.1066983483286	-0.651686033752357	3.64597437906948	-0.666077692263201	-0.0466397467092487	-0.551979196887309	0.169047652813022	-0.413248937176257	-0.61277137194268	-0.448926068025398	0.164651546899399	-0.638027138855851	-0.264531432102243	2.49210780970381	-0.511357510688622	1.24634230561471	0.819311677583685	-0.443286090807239	0.877044012997536	0.366670672479698
ENSG00000159182	PRAC1	-0.167128711580058	-0.206109854662763	2.29391087896165	-0.198695968144137	-0.191718556742714	-0.210407503713727	-0.146863691072035	0.346022937196508	1.41108922239538	-0.144037710402783	-0.0735291845638285	-0.207824520692578	-0.203984182386493	-0.205850419168008	-0.201312848223814	-0.208020927572755	-0.193441509199463	-0.190297534414224	-0.208169129581814	-0.200476641728986	5.04159388873571	-0.196939087883407	-0.0983703235067028	-0.141753647937145	-0.201195226542923	-0.202395591919085	-0.0304387334965628	-0.189552493444685	-0.180310927440647	2.96002426399731
ENSG00000159184	HOXB13	0.100139154385861	-0.268970842721364	1.343302610797	-0.271503698052047	-0.24983698251369	-0.271780024690747	-0.207073235624403	0.221502925198391	1.08735456500324	-0.225541353968553	-0.148193236275882	-0.272425504846802	-0.229412027989941	-0.271074991494138	-0.264260479668891	-0.263153660224834	-0.258068682327785	-0.250099450529245	-0.267881369007249	-0.261216581788969	4.95197925299516	-0.267083310534939	0.387984884198587	-0.242348801935616	-0.266870082302304	-0.266639965844749	-0.0324625737007259	-0.250344805145327	-0.24975120387906	2.47744031466316
ENSG00000170703	TTLL6	-0.190424815604489	-0.370274053101023	-0.220002919219879	-0.57507651625027	-0.381997162213346	-0.0147093696220487	-0.0947140740352346	0.441395538104305	0.746860951730223	-0.35523671103497	1.8028349531915	-0.460975142154683	1.27007689017388	-0.541706165527274	0.811645789639618	-0.500328031917767	0.61185214414476	-0.220238864250711	0.131764991063525	0.939390745648709	-0.0511485415740036	-0.486680024785511	-0.313487822851088	0.516351935839018	-0.568429343354162	-0.0333147399214942	4.66821695041359	0.016071214420006	0.333936251389907	0.136911613874938
ENSG00000136436	CALCOCO2	0.403072704105195	-0.0141851484781898	0.349253203699191	-0.446128127237363	0.410993810404794	-1.1195002416738	0.404687126612364	0.412176687705237	0.35471792887684	0.305741104163532	0.369748522025302	-0.0721784393731034	-0.570017287883362	-0.800869342101747	0.404609157155794	0.195594545105004	0.412123531416933	0.405234818682644	-1.2307080564032	0.211160778786374	0.269302778488558	-0.0647934009707467	0.352958127417455	0.288176069770764	0.301290920583547	-0.0124803396117794	0.396677258698893	0.397415820355326	0.407113944111259	0.396010539632285
ENSG00000159199	ATP5G1	0.0494878451726989	0.0957815574375313	0.105790084531038	-1.02565986515033	0.100821184660091	-0.000653245325251018	0.0631419238748713	0.0970335155032843	0.110767137407101	0.108209218284544	0.112923636003868	0.0416541730510591	0.106763605293434	-0.0333876183386979	0.0179242872787318	0.112923636003868	0.112497489782159	0.102677953345606	-0.600219580451827	0.110546102916951	0.097318278071884	0.0587227429654502	0.10885813715278	0.108229882085591	0.0975247751863531	0.107328262557584	-0.0511091841842415	0.111652979410527	0.109640853297559	0.0960785504975428
ENSG00000159202	UBE2Z	0.279206100220591	0.285254701661785	0.374454648735135	-0.686631535848311	0.370893970663998	-0.414078531410978	0.277799038476738	0.378106220282616	0.266360800032472	0.305496901544997	0.378106220282616	-0.847555427436468	-0.294690310394856	-1.07399968692919	0.363766258307506	-0.883291127950647	0.376323718135468	0.375503741086746	-0.90096088604283	0.321601471019377	0.363716321414487	0.266556976463158	0.373635816557281	0.257992427970017	0.360798665466467	0.0425510435804032	0.326360284039444	0.375422683112951	0.378106220282616	0.374569894607595
ENSG00000159210	SNF8	0.250251863644363	0.123203247761511	0.369913748679281	-0.571292568666846	0.567550365718654	-0.408302148216171	0.220137882982006	0.385733494236374	0.199907183387989	0.209007988205653	0.32896194556849	-0.616682053605052	-0.275361962104062	-0.880023671360078	0.222683326150629	-0.397621142256147	0.442912331041828	0.1455955752787	-1.11689813361709	0.0613398660796349	0.148976760060627	-0.140126880135383	0.247597912682514	-0.0512069707272973	0.126659785277545	-0.061834553546238	0.374516746546813	0.414332718469448	0.351854282535812	0.123213103779032
ENSG00000167080	B4GALNT2	-0.240516378214026	-0.0404746874237662	-0.236007858358219	-0.240691087411874	-0.239689530538168	-0.233200496162994	-0.203072962486618	-0.236491487632171	1.20843224421137	-0.207869612021745	-0.220210953353753	-0.243913499852421	0.80569164208821	-0.243023105890275	-0.144001521228481	-0.242706806038617	-0.238022993835308	-0.236678593882725	-0.240877939038902	-0.110925367408256	-0.227176069689285	0.0270748768339811	0.156530929995495	0.815429288846259	-0.23723843785117	1.32738839057373	0.15100895418271	1.38096550797536	-0.238655478353277	-0.199155510889128
ENSG00000173868	PHOSPHO1	-0.281332806844405	-0.337376038165288	-0.530480446852805	3.58973352051541	-0.665968923841012	0.0313016584931974	-0.422096541198069	-0.400917118104855	-0.615551431308114	-0.564983341415482	0.287872072078994	-0.506985344204596	-0.322558983954011	-0.669923754564357	0.977586856055623	0.0495105369232702	-0.385066344136035	-0.73705363797655	-1.00978655465813	-0.273551468126939	-0.0299769644681605	-0.494938642976844	-0.817785255685661	0.126781757968072	2.43962203948087	-0.644918883704721	4.21846249784948	-0.0694518488929835	-0.193366634258701	-0.440482862345269
ENSG00000262039	RP11-81K2.1	-0.239594117199233	-0.0850781671915948	0.342290202326832	0.137514470645487	-0.215110782790852	0.244758066556373	-0.0127175160834064	0.163329387696088	0.289393989103385	-0.0842489008462916	0.0952445921742416	-0.364260173160818	-0.275020698789537	-0.31960087435017	0.0705299124410043	-0.397203947705476	0.34768415548784	-0.0366940514613813	-0.368968177338454	0.112575986267043	0.160005851026009	0.0966834075413655	-0.0897310496743152	0.717905446663671	0.874566732540418	-0.0421386779858962	0.402387643816361	-0.121564202158824	-0.0253021026624068	-0.00937262976996162
ENSG00000064300	NGFR	1.31703752410353	1.18039883500604	0.586374902228649	-2.91543911255406	1.0376135056147	-1.48214404132306	1.31155110747735	0.981617685930417	0.736269894914586	0.521721379236463	1.02253149496424	0.568968419818953	-0.55357340533158	0.330012178760391	-1.09716337357933	-1.81436333385979	1.98527943782015	-1.15511368072075	-0.635528948516862	0.591768808597214	1.36982439242116	1.36561707674138	-0.112858562208145	-0.111450478121332	1.4115698874724	-0.551433188810478	0.581527527816761	1.69683819932868	0.585105655073815	0.640956964509569
ENSG00000121067	SPOP	0.229986837010275	-0.392559624086079	0.640921533308175	-0.925887571196177	0.849553703650171	-0.306352052090163	0.257073840947308	0.726336099000795	0.538799551284484	0.398090708329736	0.739614539661523	-0.938281852186735	-0.949512599513527	-1.05065885730881	0.44080609189573	-0.5026700862895	0.624108579608228	0.654928115474027	-1.36719333996323	0.231541466244585	0.676693162090872	-0.223848215004366	-0.0607839653265853	0.135246399139147	0.0552324640590851	-0.168625950041133	-0.415339936503925	0.50367987254677	0.873258386355292	0.446476638865815
ENSG00000121104	FAM117A	0.189991858331358	-0.798357228866542	1.00282355151043	1.31375240089142	0.982288224303665	-1.29663928922633	0.294581244714955	0.649812428780804	0.612211443478633	0.299440643446882	0.98285102319749	-0.911650633690359	-0.83901463334974	-1.07862497115365	0.0734323016219802	-2.09078595222122	0.491193646499374	1.15134417694626	-0.705663538574292	0.626681107055444	0.166535650914434	-0.0394682088200892	0.150037688209309	0.66065860345493	1.622510644013	-0.052857486543302	1.31097502385899	0.850016216250744	1.4230395226801	0.223599419206317
ENSG00000005884	ITGA3	0.466560306865114	0.879449218689807	0.91638110461882	-3.47941489734411	1.13686733838834	-1.10009966080545	0.585454913829416	0.782932279989358	0.733378645699583	0.779457052348762	0.902500818724894	-0.996177347886879	1.05054620117007	-2.97939412910447	1.14677105683512	-1.45290366491894	1.09781532873876	0.575508780885689	-0.793535257289824	1.10687723692268	0.985006244161395	0.521225152882121	0.999874134809929	0.629598441382373	0.265329735039222	0.486701883043156	-1.62850381393862	1.14889877700666	0.997857149753881	0.86036965431166
ENSG00000005882	PDK2	0.194839383127096	0.65472400270947	0.251494504346568	-2.40957308882626	0.665266015060114	0.104061655563272	0.170496361488013	0.436308864101845	0.404880315690858	-0.0331329364561082	0.219720283251537	0.285587832268332	0.0198002123160835	-0.856128597407432	-0.645497022627798	0.83717200414543	0.63592293876247	0.696563553198408	-0.461266427789369	-0.451553660884824	-0.0864324633595046	-0.306851781259215	-0.209436132321144	0.173830615693341	-0.495622293095121	0.0610352723319923	-0.410565687901672	0.450846498001719	0.569611856022686	0.0323871790989256
ENSG00000011332	DPF1	-0.774525109617664	-0.788649079986233	-0.772548409217279	-0.784244867709166	0.0902740614554474	2.8084626398673	-0.727033233208542	-0.546899075084535	-0.69300469724708	-0.740351987556818	-0.520783292916297	-0.737977096427269	-0.903096205072698	-0.946279607813772	-0.384360527215782	-0.88213825573405	-0.687542300489225	-0.468506202646442	-0.891848210446	1.25094446014204	-0.700424294482698	-0.885741986337615	-0.146560937071717	-0.77495924131462	-0.820950272879034	-0.819411901680898	1.56136231220888	-0.843368412764188	-0.499052339527128	-0.753661988700591
ENSG00000167642	SPINT2	-1.26150606951174	0.576407845947765	1.04606138603171	0.0339036561505184	0.887404259039467	0.549836377128307	0.0121155688923763	1.02504644115612	0.172952272399148	-0.672617418843993	0.458628108346743	-2.03678132525722	1.25141712470837	-1.76576644769071	1.25500334608775	-3.71125870570296	0.489691756943571	1.19405052094001	1.26123047064548	1.26468603119005	1.15569762557206	1.26364264652361	-0.0420009420165859	0.875727211594258	1.07880342300981	0.743303730230632	1.2649675482626	1.26346144081771	-0.295515265251805	0.971941325048879
ENSG00000167641	PPP1R14A	1.00345556028606	1.11869200384838	1.06551517749916	-3.42377423901244	1.145077428716	0.314949067646692	1.01995548857917	0.877070385763333	0.819124756803924	0.679526900696478	0.982318234476346	-0.328876483171173	-0.290390084151331	-2.10695285707509	1.12365693454534	-1.39750215259124	0.951374008596617	1.12741902292181	-1.34566073140658	-1.26798144549068	0.928411909151742	-0.969957410796972	-1.29391138655048	0.139197472121515	0.970564772815765	0.0471864260702232	1.12826751731452	-0.300254990258803	1.1234081952354	0.48764706899155
ENSG00000167644	C19orf33	0.509944223848047	-0.943155087048808	1.24349835762275	-1.4805532589973	-0.39865273644588	-2.03753081999861	0.707988687029533	0.108388903113154	0.497946324785523	0.894400456156793	1.40770541896755	-0.861905940671416	0.951300907078202	-2.38339515327597	2.44927601864732	-1.74719975628607	2.36786476449121	-0.0171056575430753	-0.891437070858473	0.801038873545737	1.06394113189803	2.4434952495876	1.2845790735705	1.74904695731363	-0.00313052064229639	1.55799805035902	-0.932203149612695	1.52826231657998	-1.24764225890713	1.98901843787045
ENSG00000167645	YIF1B	0.0688215361299379	-0.059978762397884	0.300786610627042	0.383266489534713	-0.114911172030312	0.0480430999968416	0.139895076539127	0.711460590881252	0.0205220325408941	-0.377845448654192	0.460998366585987	-0.835182936151894	-0.556082889074831	-0.255462906223252	0.663108085947652	-0.743354185360659	0.80593895678096	0.514406439404257	-1.1517831043889	0.449458767257306	0.229690263654214	0.0662831838159794	0.22766180825985	-0.118771992366368	0.852740248832701	-0.518289834679953	0.322592532495685	0.0880149959384191	0.379190131717341	0.256753145600694
ENSG00000099338	CATSPERG	-0.141407659575079	-0.529784570453894	-0.204032714510521	-0.472640183081805	-0.0790278051853102	0.115104132542505	0.273985546645694	0.39312219299406	-0.267329985208624	-0.313092192645383	0.246777251903742	-0.706830431555331	-0.31128634096308	-0.561487416367168	0.185920138757659	-0.742351726513071	0.268387660932511	0.0900049669543716	-0.599594815258216	-0.177670458981613	0.360497234604191	-0.049709942949867	0.150602860971547	0.0218122896524061	0.00102419455756633	-0.354655205941125	4.52308302448946	0.767576314254284	0.216915540518651	-0.00776111325118845
ENSG00000099341	PSMD8	0.111054879641134	0.0519092967259039	0.112984023896127	-0.249929513265589	0.112237916671518	-0.24804075108375	0.112984023896127	0.111843982693254	0.0934655756698766	0.08756070920047	0.112984023896127	-0.101667966006457	-0.176275706233029	-0.420241057624401	0.111903496077026	0.112984023896127	0.112984023896127	0.10988621639001	-0.588583600871567	0.11124366856025	0.101792824801605	0.0943503524125116	0.112984023896127	0.103892364532187	0.105889166763026	0.03827739667962	0.111433538552021	0.109627605623947	0.112984023896127	0.111214260099144
ENSG00000179168	GGN	-0.411028715761363	-0.509229525879925	-0.343945034655498	-0.660487821185981	0.737394620830658	0.136485175102802	-0.175661878417872	-0.121759255227569	-0.410438100695617	-0.20422414886563	-0.160308622363986	-0.628118382213996	-0.317321858200939	-0.805851464198001	-0.110738961173363	-0.415253058964149	-0.219366591129334	-0.30329979860894	-0.719983530451146	0.638349430397748	0.223485210048571	-0.0202060668819494	0.0778847843710363	0.332962929593324	-0.672937235422767	-0.422890787876467	4.653875074025	0.628352502970758	-0.130386342058207	-0.10703474640443
ENSG00000188766	SPRED3	-0.484777506001905	-0.660001768125073	-0.221152122505688	-1.00124243182965	0.879944800861573	0.921939879893454	-0.267276901147923	-0.22782878064457	-0.447524466518048	-0.350542283428605	-0.0519466813894848	-0.707766622321361	-0.338988654265437	-0.977979273142229	-0.125123032856373	-0.49266727155602	0.148116855200337	-0.534327489273375	-0.742750136213381	2.06492957157708	0.176160639689546	-0.416551258076434	0.243572259016362	-0.491483148991271	-0.841929136328388	-0.54754360896487	0.612573186810931	-0.034425623902719	-0.180216402252861	-0.287449825134964
ENSG00000174562	KLK15	-0.195783125613206	0.785505346805264	-0.189888484275772	-0.184245224925127	-0.197736303113697	-0.187496371338518	-0.174951100487157	-0.149345266809436	0.534753565821262	-0.19142388738666	-0.195943985701118	-0.201162061002064	0.0626424916054563	-0.193962590791852	-0.191165586369878	-0.191919044524678	-0.190834425264865	-0.183170198721368	-0.112642837970048	-0.191989775234501	0.928423384463732	-0.0173823092381405	-0.0576335147769459	0.0309598261045499	-0.178681166588018	-0.160510017473336	2.74579722383132	1.02291533495612	-0.171033389118244	-0.188875710247692
ENSG00000142515	KLK3	-0.20334571053075	0.113784949580422	0.0624265011434206	-0.282560841456598	-0.20020273750706	-0.305903910803787	0.522624943208398	0.272678185271293	0.638638098757689	-0.160934118970316	0.656820132643176	-0.295972301813215	0.0471866404091508	-0.200326198137891	-0.173933730398285	-0.300240969281004	-0.21776059114414	0.00121609081265261	-0.142581052946152	-0.130248084341669	5.06658797255361	0.804304374007027	-0.134110989432482	0.31287524852556	-0.151210882655063	-0.124359582512418	0.740826009220947	0.794218076488131	0.136176782859799	-0.127485257541466
ENSG00000167751	KLK2	-0.28995088961485	-0.253906347604552	-0.0974800682216925	-0.100296727074203	-0.295492007872551	-0.34685012745285	0.262834866435534	0.0906037540768646	-0.214682645652892	-0.279044330562517	0.315007686695809	-0.352692649466145	-0.310354686534176	-0.305504338677516	-0.278338817700842	-0.353697208787775	-0.207561795725449	-0.208676514246428	-0.290053052148065	-0.243352882893461	5.03382176523655	-0.216250617817742	-0.240006268543511	-0.143899540631977	-0.0472965258049494	-0.270689416990745	3.5161839385302	2.43210468380099	-0.0290151651540063	-0.261230804061259
ENSG00000101216	GMEB2	-0.00418383482341482	-0.21005366014508	0.315692764854965	0.00312130086593782	0.268940923916702	-0.639955455345998	0.146698971797892	0.633726898317004	0.117285381542863	0.26453774695216	0.900735159759876	-1.12093106883757	-0.751022559573938	-0.94240929027022	0.419957200127391	-0.738236563859605	0.540067892150728	0.660305944998878	-0.854037959014054	0.316796010522482	0.469123376116751	-0.125037338915268	0.231252882803844	0.27186409550388	0.522143685277627	-0.188225761168346	1.31698165049205	1.40732978357834	0.754071318369046	0.186158927305073
ENSG00000197457	STMN3	0.116878481390191	1.01625869269898	0.264422151756927	-1.33572340345336	-0.087171081700398	1.18045709291525	0.179777145886624	0.800117237507749	0.0713369175670673	0.0815011098564912	0.900083019144934	-1.42578725549402	-0.315639649415995	-3.06242923419025	0.484510477850323	-2.81684855266321	0.71528448101127	1.13048365127291	-1.33718125785999	1.21861324671543	0.58221624888364	-0.722600840933698	0.0529395479654698	0.191197728564687	1.06523474307857	-0.68260099515297	-0.531340714532119	1.20630377229317	0.976003413746017	0.158731850077561
ENSG00000258366	RTEL1	0.126245517920538	0.172611548392132	0.579725863858801	-1.26583429471982	0.798071576752881	-0.466787307532904	0.287281847464232	1.02372755989035	0.486118252051711	0.130294115262781	0.815967062910134	-1.30955126403043	-0.459244083688938	-0.943975957776975	0.66677295032058	-1.17682061430452	0.802553125279454	0.772115025925327	-0.916496853033358	1.50582322300122	0.757735019343061	-0.145946663935276	-0.0801587980106211	0.211608406330665	0.715685702245452	-0.0458802446967888	1.03507638117008	1.13349520756567	1.27169273305653	0.528847259924639
ENSG00000243509	TNFRSF6B	0.639264356257185	-0.737481581451473	0.612598449368348	-2.43078661227143	0.542818064462305	0.129322340679531	0.645923670832916	0.891123882856957	0.293062706284404	0.147085782824777	0.913923948606427	-1.54761821781999	-0.19821968420732	-1.48227877508309	0.985770834536447	-1.43244089183588	0.975913853886794	0.67461536371776	-1.36418857712111	1.14425788522452	0.594976019475806	-0.148742258460189	0.0345227081049255	0.368012482776763	1.02395533504341	-0.388749856325656	0.729007973877109	1.04057035545872	0.914988193786042	0.436540199886986
ENSG00000101246	ARFRP1	0.0824397834860143	-0.0794439285888939	0.428772926553545	-0.764290043109018	0.367511903615172	-0.241043125010014	0.197805616084293	0.762905220755676	0.170342642774129	0.299432799326701	0.638439055188036	-0.618895579888111	-0.252592319307867	-0.706198795868592	0.471235157581194	-0.78974273974011	0.782057441367319	0.597794807691246	-1.21639153335833	0.330057023540843	0.647338177718525	-0.190583051479177	-0.0151158800210337	0.192977633962006	0.796598372527683	-0.296948339583096	0.332217593293943	0.555803027684686	0.757150756643255	0.451562675644409
ENSG00000197114	ZGPAT	0.100220882890471	0.0680415964446455	0.452249593781266	-0.0265020319998127	0.27501336603048	-0.61323732241474	0.244778196690611	0.663355375239748	0.264679519122382	0.187585344972786	0.545801894750343	-1.10766685797776	0.0373831741820796	0.565184279640958	0.475464230253957	-1.08888362922214	0.568178590157762	0.473621749311099	-1.06850605375864	0.584473911964431	0.66138622694229	0.0587628214182195	0.191990853201036	0.37226170734517	0.832178845166751	-0.123482018647566	0.84687524666704	0.725848286132971	0.684026422375735	0.458865734066796
ENSG00000203896	LIME1	-0.240608461779911	-0.718720430743356	0.104816653426244	0.899075093947202	-0.247367024025378	0.362838827600915	-0.233631740016613	0.608287828371122	0.057027987435402	-0.12165929397755	0.317166028224923	-1.7496056676571	0.921733301557446	1.2325802310163	0.306768919350387	-1.63525329747907	0.483532865938486	0.699582282933331	-1.60471028255319	0.957611208516157	0.867977207733066	0.0228981529629781	-0.106866412176312	0.563529896018838	1.39673641647989	-0.129497129684592	0.538677784655056	0.9548658865717	0.406854736756227	0.326291446909907
ENSG00000125520	SLC2A4RG	0.359835966618755	0.178576925848664	0.385955339940792	-0.875604409228338	0.382120755664431	-0.907317051036559	0.365020732681241	0.385955339940792	0.164806091522262	0.342726038512274	0.385955339940792	-0.308684509546805	0.310419396721817	0.172856121758292	0.34123690760247	0.142755538587978	0.384427426643839	0.385078807756399	-0.956772290847359	0.183180523942369	0.365890846450614	-2.6768859821411e-05	0.382316370397739	-0.0788367234197128	0.323547411212536	-0.117713103762651	0.306978214767513	0.349359244964747	0.379546331895616	0.371131916643986
ENSG00000130584	ZBTB46	0.901169858831886	0.0726985386647798	0.0690612209838656	-1.80192251301279	-0.325852529187141	0.0995229849997394	0.917612954696401	0.968152701797948	-0.493195111983356	-0.20774598963702	1.31340301090232	-0.121352407191541	0.525155136099273	-0.67233809451796	0.78524365309373	-0.844296739253074	1.20673074115413	1.81713193945413	-1.1262131709074	1.45387318060534	0.43965679542415	-0.370981319100798	-0.804237211453581	-0.132037184591555	1.9139281560793	-0.604915659780241	0.525988827203101	1.64859991750332	1.40615349168976	0.0851752001872417
ENSG00000100290	BIK	-0.876226763540951	0.629793665298125	0.143543035650605	1.29489132829058	-1.01019317391475	-1.02504449989612	1.0465490299411	0.0422883452361332	0.465159912067305	0.363238014932008	0.471781794050631	-1.04678891083463	0.887166290656758	-0.853710995584883	0.509186707990417	-1.22406519538599	-0.934091021076058	-0.670358552223479	0.0467686996864013	0.20859686339659	2.83890266027462	3.28756359447078	0.612036792943072	1.53259496154353	1.06318993704979	1.77403999502619	1.23216822407118	0.926817578023765	-0.957650728904551	1.73066694715269
