ensg	symbol	Adipose_Tissue	Adrenal_Gland	Bladder	Blood	Blood_Vessel	Brain	Breast	Cervix_Uteri	Colon	Esophagus	Fallopian_Tube	Heart	Kidney	Liver	Lung	Muscle	Nerve	Ovary	Pancreas	Pituitary	Prostate	Salivary_Gland	Skin	Small_Intestine	Spleen	Stomach	Testis	Thyroid	Uterus	Vagina
ENSG00000133056	PIK3C2B	3.8037400081493	2.3043994466203	3.97038511779351	1.75574196196673	3.41092421891812	2.85303229145373	3.8605606145633	3.6429951480503	3.69455011029497	3.37428792942534	3.64278964954596	2.68766108509033	2.5718504036514	1.89515800526065	4.32562124927863	2.28334607080139	3.64880866942327	2.42797748301139	1.8888244024528	2.6189868524627	3.43087354785275	3.16082391514498	3.65897776549749	4.07480724518336	4.12034447229863	3.30656211683515	2.2109611249473	3.90900439647714	4.13615134240286	4.14381094582985
ENSG00000198625	MDM4	4.2129780548611	3.51164824999089	4.24862600287595	3.68119605727399	3.93066423966183	3.05520605250399	4.35583172893111	4.80312094424077	4.03609429151983	3.84805962405941	4.70045201107478	2.81546608797197	3.23198736777801	2.96419773276073	4.54373026754972	2.93593096273678	4.85591582185241	4.93705461517477	3.34311389920194	4.55344598076626	4.41159718667922	3.89804279553937	4.28956276285225	4.42151004855586	4.90141011432021	3.80069679469048	4.20956244505074	4.79623431698445	4.7606981655982	4.34255003915399
ENSG00000170382	LRRN2	1.9195992184038	1.55111123840784	1.62040389417645	1.5171151210198	1.02046939930363	3.1139158384617	2.1292337779892	2.38794946576326	3.02321620464387	2.22782668031134	3.67957283887283	1.64985385860792	2.97124413235049	0.797510425076765	2.33800073642718	0.832253030494428	2.96421261560169	2.16550802464729	1.08315099860862	4.05548609712709	1.89798571809075	2.17155828165905	0.580054275840085	2.95009013444987	3.61611605957284	1.55018579107175	3.07113781515746	2.62526164534099	2.90330032510316	1.96425275016697
ENSG00000115504	EHBP1	4.81133216189971	3.71423322269214	4.51294532524347	1.51204988577151	4.30811959071575	4.09072333757939	4.53199386445426	5.18872305214843	4.78895643873301	4.89696611037342	4.95692752657461	2.55512722596066	3.03060763101782	3.67573781326238	3.7734083950357	2.56234538683878	5.67189500027687	5.44708292654654	2.52790615181308	4.1252963418559	4.14081753141574	4.0478348908769	4.38010949557157	3.83111372235826	2.73411891330424	3.6708207815672	5.14267118975368	4.17683134591056	5.35203125565061	4.86254906915207
ENSG00000115507	OTX1	0.161951351370761	0.0513142293425348	0.0395472033227764	1.18305553311172	0.0419342009367748	1.00766931349767	0.225325856076504	0.0914622550962493	0.065732515391882	0.488448994999924	0.194434001894585	0.0209580871813217	0.0374680941596433	0.0811975775239735	0.408616335463288	0.0235644954032983	0.240623145537754	0.115341564959016	0.251942217314418	0.0732590537974728	0.927192837510147	4.79310464676937	2.78224121376558	0.0569179017499514	0.314250340933077	0.344531435466519	0.919395889333348	0.11740413513875	0.0647530616915444	0.23557407487149
ENSG00000143951	WDPCP	1.59933177856224	1.02447827435477	1.20053694134974	0.532059798959294	1.61474232895174	1.01588939198494	1.54801832683163	1.67044818911535	0.977802680208187	0.870374014169105	1.7610713101648	1.01763974099138	0.866206954678849	0.458120723856695	1.38246463561212	0.976686850510911	1.76257950767372	1.81655136343409	0.525119296592931	1.58313647947561	1.16821820685974	1.06168087632922	1.33428588948418	0.880546113518933	1.00090744687632	1.03753081260718	1.80272483144359	1.56351544042596	1.77792888307405	1.27682994961304
ENSG00000014641	MDH1	5.66089366428228	5.66089272985621	5.66078324628283	4.31355973785447	5.67000010535626	5.56755068231715	5.66621334775842	5.6724253419715	5.66812448501801	5.64512434983937	5.6724253419715	5.56804840754251	5.6434942493803	5.41915115858293	5.59770085040973	5.66415071714435	5.67082311656883	5.66808729093647	4.5608292292942	5.6724253419715	5.61404783588216	5.66005973559335	5.65171145181909	5.66074986360462	5.64428302643026	5.66538727030008	5.60876404426282	5.66681402374175	5.66267344732596	5.65664608100219
ENSG00000168906	MAT2A	5.67226948650337	5.6724253419715	5.6724253419715	4.46999331080795	5.67232691036937	5.55035619390817	5.67197212150287	5.6724253419715	5.67096757126533	5.66985574930234	5.6724253419715	5.48550298455335	5.6151714878201	5.29131818334936	5.6724253419715	5.66317622131926	5.6724253419715	5.6724253419715	5.66648663250643	5.6724253419715	5.6724253419715	5.6724253419715	5.66768411689265	5.6724253419715	5.67149470192274	5.6724253419715	5.6724253419715	5.6724253419715	5.6724253419715	5.67214178423203
ENSG00000115486	GGCX	3.57189275106976	3.28699592307485	3.66779869803814	1.96391284705273	3.43728991741021	2.62826851307148	3.58254481578326	4.02236225927339	3.18124909797438	3.2013599721619	3.90455927991207	2.4228678899146	2.88842167877248	4.52620783803291	4.13811681273439	2.81373662117785	3.8902279489935	3.96421191724272	2.93947336661307	3.62157669952353	3.59126487863603	3.45795450958922	3.53060109179041	3.16210572908629	3.17879697764199	3.16479831279788	2.98608832735635	3.98570174869076	4.02925049839372	3.69938547908231
ENSG00000118640	VAMP8	5.43963243968269	4.87538603901666	5.31491921920693	5.56901615550013	4.47727992658436	2.90135742699672	5.47049087402411	4.65937930003062	4.93594914800228	4.8845500718887	5.14422931273121	3.28576711326395	5.6724253419715	5.63614080740751	5.66900012575707	3.33161231423651	4.93490498197235	3.74646835676419	5.65060426122064	5.35041996440067	5.6060608929772	5.66808612914819	4.48688435160329	5.56375633710655	5.6724253419715	5.41597453538542	5.07561453053253	5.6724253419715	4.29449291544614	5.44171000725637
ENSG00000168899	VAMP5	5.6724253419715	5.67059574297059	5.6724253419715	5.41489293008062	5.66810555273247	5.06142304866321	5.67162855409633	5.6724253419715	5.4975173743437	5.63183546368197	5.6724253419715	5.44747725224494	5.61132270953084	5.22072293187416	5.6724253419715	5.66139339232827	5.6724253419715	5.67107082017425	4.13972796889468	5.30813457341368	5.66955449246638	5.44376099478065	5.59903132762953	5.63041227003629	5.6724253419715	5.30252215814153	4.49920189752559	5.67014895883629	5.6724253419715	5.66357059333792
ENSG00000168894	RNF181	5.66468018325846	5.65393291171377	5.6724253419715	5.50454185541417	5.67211936391988	5.39067848598447	5.67087638211664	5.6724253419715	5.6362007100211	5.65568659801562	5.6724253419715	5.23099717954156	5.62210431080053	5.40685847970505	5.6724253419715	5.51613409421488	5.6724253419715	5.6724253419715	5.43577047027558	5.58994071961225	5.67187699484273	5.66576549358592	5.66877264481659	5.66163070347678	5.67012533170148	5.64685702299495	5.6724253419715	5.67120942237971	5.6724253419715	5.6724253419715
ENSG00000091409	ITGA6	5.49402573092724	2.32503707557058	4.9236280124879	1.781398417188	3.93989534103242	3.43660868387562	5.59714361314985	5.49469101118714	4.7513250248157	4.79442058056336	5.39833407271766	3.79442970167228	4.74818702562345	2.45150438879813	5.2136739770345	3.56030276438036	5.6724253419715	3.4893188334231	4.72928494784949	3.7073576230516	5.1476264271844	5.65295200490487	4.56606180078267	5.31786662003001	5.14744519418674	5.08616475328142	4.94007619494542	5.05031200502726	5.56703396325386	5.53557734877791
ENSG00000152256	PDK1	2.37550943862902	2.3556807011046	2.14547808394494	2.42446706736106	2.69070193120544	1.12988986791583	2.32132548847413	2.34234850344439	1.93017437129001	2.05126995876051	2.10751655020985	2.11931088189823	1.35011479697993	1.65572681175231	2.11685678529061	1.51032486468669	1.82819063963686	3.18990719367593	1.14774635873108	1.76885645117136	1.89272935376692	2.76387477550522	3.40509008887018	2.1493465793175	2.73770892654663	1.79961023432286	2.28928541194705	1.84319017716912	2.14474117382982	2.67557455766423
ENSG00000083937	CHMP2B	5.25533638648168	4.71240337491708	5.44470709536925	4.23960858727173	5.62631972913633	4.33605931741692	5.27225899886256	5.57199742309072	5.34648918408152	5.27461990607023	5.50889965040794	3.95459014152827	4.40131964055806	3.98302263316372	5.27689885420788	4.56497899331929	5.41997896049731	5.53314258936963	4.03514635339173	5.52490853396665	5.38351769025985	4.98282035646075	5.27680228919912	5.20416687670939	4.65540701590561	4.72717334195132	4.4790413829633	5.59995238634063	5.56193411797167	5.56320579421196
ENSG00000064835	POU1F1	0.0603424954503152	0.0973787679983061	0.154546523002744	0.0363245043817885	0.139299908403116	0.164850641422461	0.103858748465577	0.118111267574055	0.130230948984009	0.113370046903103	0.123105259286396	0.0403532722573337	0.0719292767684767	0.065924033296829	0.129962322401875	0.123126887310981	0.0935286906672687	0.106485879427008	0.0397947999856587	5.41411914022714	0.218562973628134	0.0549124196403933	0.0447187867246046	0.100561164942046	0.110995816479541	0.0980371307690507	0.105263311185019	0.155190692567409	0.125224655875733	0.122319874415348
ENSG00000206530	WDR52	2.05607567870727	1.81404662425719	2.8336263717631	0.691264215158846	2.24207854859617	1.76921538614702	2.73987764110515	3.46562181656232	2.75122923840879	2.37407250854641	3.68730709936048	1.2712863540048	1.79163139075313	1.5644522186322	2.83553073329245	1.11846225768784	3.33843591314716	3.26288176320089	2.15866525482231	4.05152642289746	3.49825033148732	3.32690659634772	2.2502740137813	2.86694149074867	2.63391845720263	2.63456390959629	3.75777431337478	3.30350363723337	3.34100143903366	2.87255075101901
ENSG00000163611	SPICE1	2.70013718048093	2.0556149758661	3.1724643934166	1.32678630469797	2.80298271971021	1.44422123017097	3.163950195363	3.80513709726406	2.8577092750029	2.71525159129193	3.51906846309923	1.58436781291706	2.10663835920897	1.63354190979598	3.02779732847792	1.24003380714324	3.53158809573105	3.74393295503255	2.08464186985894	3.80261345868998	3.35634285569973	3.36266353878025	2.94700822578988	2.85791387977026	2.47002957700629	2.60485450408322	3.16934690819625	3.60184540749811	3.75933527458381	3.53367547536812
ENSG00000072858	SIDT1	1.2796021925721	0.828655983830839	2.03845279525075	2.74436912882132	0.740308354524306	2.37924974251931	2.20603970042867	1.27966544439591	1.64991035243998	1.0121492495384	1.54656658895861	0.390488433259495	0.839683633313243	0.400982381012747	2.13860187018367	0.245271092842572	1.1532812999381	0.580563674437237	0.64445199859118	3.55709281208477	2.94435114625682	2.7398795399984	0.731058310437861	3.22235918743766	3.85553015610607	1.62795801643782	1.8277475111989	0.988797653440165	1.01890518736027	1.49314777873483
ENSG00000163558	PRKCI	3.88169849284457	3.10847656548849	4.37937987816207	1.8293116011811	4.29144770341708	3.39969240696313	3.91431348893487	4.53741432157256	3.93314740849571	4.4368318070511	4.57542610944264	2.63610386088236	3.51515666615875	2.20113582149575	4.43623913898844	2.83523086404415	4.62469896206905	4.85075035128468	2.50013916329392	4.30160861346457	4.50720640387955	4.63975892296728	4.45483157524206	3.68053640203292	3.12370240915485	4.29311816776922	4.59015593565868	5.12826398170941	4.66959910314164	4.59111507066603
ENSG00000136603	SKIL	3.83381699954911	3.35966376917919	3.62825874470372	2.17787814383296	4.47100464119552	2.57776682218134	3.6849059767535	4.02209414439343	3.34757719979716	3.48713900821315	4.02781304431588	2.79500323499583	3.00268284823096	2.93293356521886	4.75240351527437	3.16214086544834	4.21860276586775	4.31151402475783	2.24819694793042	4.46931293388139	4.08412651992372	3.60976328698218	3.45423575566577	3.95516860127645	3.21340497344326	3.32632911730891	3.88276427914478	4.47457470168556	4.0512652413381	4.18960099789039
ENSG00000013297	CLDN11	3.82095691027104	1.86218845824784	3.60621326368498	0.16705553921681	1.97516380719738	4.06316508497535	3.84600738098736	2.46611209844213	2.49364261697368	1.96103404356776	3.95071016777222	1.56660475111608	1.98437103050102	0.844897514814636	2.78793193432194	0.694944614318436	4.82080447955649	5.6071648739092	0.458796644838357	4.18609924753563	3.66061856090737	2.32889618183964	3.28972216772544	2.3739772561878	1.54967668994822	1.49732282830349	5.66599098751869	1.56878320266679	3.08648477370726	3.31801312630564
ENSG00000163110	PDLIM5	4.78351500449598	3.74064595236603	5.02206338668996	2.21638948784627	5.6432541344105	3.15956313928784	4.75527785204826	4.77949597901793	4.4291116730258	4.67941658319624	5.15062038936848	5.27821593208273	3.74613997106804	3.613536298538	4.49620572978679	5.66727884374472	4.81435622300165	4.44631499802629	2.88308451205227	3.90820151761474	5.24779223190415	4.69467063515542	4.37120983801092	4.03265162964597	3.50254457207303	3.71888003398781	3.22617652035669	4.25456777478674	5.61049842396389	4.79361854792355
ENSG00000168769	TET2	2.52322596206321	1.92903384755292	2.56056575616042	3.26564989591996	2.64887021743914	1.37576160797435	2.66272657619389	3.37260152837185	2.39385377249019	2.69660970281005	3.18406451871838	1.42966706872946	1.7294452165138	1.28580677592143	3.24398767268226	1.57717441822928	3.28071239737294	2.92300757248515	1.37992315953893	3.01794070734093	2.73667015583269	2.9160717515188	3.17993579105393	2.69547659515516	3.17060217427441	1.99216041206223	1.40593513038171	2.86707561329722	3.35724533488304	3.48189655557097
ENSG00000164362	TERT	0.0095735471663935	0.00632676344012073	0.0158959353578146	0.186518997274445	0.0083423140651039	0.209969172234858	0.039857342680715	0.0421018236086124	0.354964365722506	0.108185569107215	0.040267420073636	0.00462025861258023	0.0193465697427357	0.00941942899529345	0.0517638952307842	0.00422339222812591	0.0106258555785506	0.012927113621315	0.00614802226734016	0.0327058017694988	0.049364730420308	0.102700121875201	0.119295179289311	0.771592323700913	0.67854491592207	0.269837079865905	1.9028414296661	0.036809163894528	0.0229140032466306	0.0609675838329456
ENSG00000113430	IRX4	0.2505892771842	0.0323130670438571	0.0749816356386339	0.0196142342731217	0.0801400887872572	0.038788651028814	2.01815164533765	0.593202237378991	0.0316025962428173	1.68014511478039	0.0896948235351706	1.51041992079514	0.0416441539950544	0.017458217018842	0.0482517240549477	0.446842469607829	0.0406671855974391	0.0778288185088879	0.0300496026917936	0.922279442911873	3.38312576532513	3.68146413625007	3.55443425510279	0.0399927960945289	0.0209708492933048	0.0406567424759807	1.21852494143422	0.058898117749996	0.0441226409984201	3.46264207044252
ENSG00000043143	JADE2	4.12394159769999	4.4871289132635	4.71586291754841	3.67477342088652	4.56367189116182	3.72271568433563	4.23588792327757	4.72368525304182	4.10580906252357	4.02010239592818	4.73926603033757	2.80290779757706	3.40900504979782	1.80746095944809	4.35247662015016	2.82563358997515	4.77359780738361	4.80597598743984	3.01234318861377	4.45192712178567	4.41347489058129	3.9620645475289	3.95823694673222	4.59260067996088	4.87613134615368	3.80681535498037	3.48080285060853	4.67642611124667	4.79180594138933	4.08987681898625
ENSG00000137166	FOXP4	4.26803840583993	3.47424406954101	4.50591786098677	2.48448138650822	5.36500242607585	3.12856043056933	4.61831936864202	5.21555475553709	4.64264187958324	4.40677835744541	4.75222436297673	3.34343425772671	3.92851148659148	3.81637651266043	4.68887874447936	3.06967409831694	5.36425742585004	4.65483276388316	4.15446873758598	4.777904062092	5.43961627569307	4.804482910978	3.97114291553425	4.50085042598085	3.3904092383131	5.30254472421717	5.47385294034702	5.51350425556879	5.42728640042946	4.45085603506105
ENSG00000183807	FAM162B	4.5324839276443	1.97904412613893	3.75424022470471	0.0365475473238571	2.03495486523643	1.67302539585732	4.21190363261196	4.68322295990626	2.32202702967116	3.2272891649265	4.40122725071509	2.15968345226879	2.30793908774872	0.613151981124497	4.61486662680107	2.29061544247323	4.34735182130389	3.48333706137075	1.07039395116023	3.61900997596438	3.50608106469333	2.51613022794068	1.83978813170939	2.00506066818182	0.208563887295666	2.32962003361536	2.64078504943035	4.37808323121178	4.03592773899654	4.08642818563338
ENSG00000173612	GPRC6A	0.0054961881542898	0.328701371301633	0.0328418343712239	0.00286673445267009	0.00377299399150779	0.00420604930878845	0.00717588158397283	0.036774333088782	0.012520703047851	0.00476075960809959	0.0165102880383173	0.0024506912060223	0.243965198780965	0.00273651208654468	0.0158273722011122	0.00505287217627027	0.0137945296370664	0.0138910093068699	0.00413471028816783	0.0178572070058373	0.116979591551632	0.989209981178737	0.00401410448759991	0.0187715215771101	0.00360262993638613	0.00449771030566825	0.0586801762708416	0.0110398356746233	0.016902586838103	0.019472664423858
ENSG00000185002	RFX6	0.0391967138543594	0.635334136916451	0.205720245171121	0.00328906515904454	0.00880097759213423	0.0546299463814946	0.240713489212749	0.14635948285569	0.238759999635852	0.0277337745372227	0.0887129301193249	0.00925114034529495	0.0163184488100421	0.00773932200984897	0.122682764216393	0.0211189623064883	0.095338693775096	0.0452528459783003	1.10542589346164	0.284824061846828	0.288093915026276	0.169273472509184	0.0213924877140441	0.613485467837188	0.0104843245265513	1.33692341213728	0.634222100774785	0.0350604544485783	0.0474276171618457	0.148072059093008
ENSG00000175003	SLC22A1	0.711651033516461	0.547591140535281	0.539810280535275	1.82425821608069	0.779132265683514	0.23998135305879	0.806947957209335	0.874128358112489	0.541742203848602	0.493694517209409	0.914758534374514	0.162277037129999	0.765645443374347	5.65793220313442	0.981464410080583	0.689874547348122	0.77245445927959	0.903089685131081	0.376139397671581	0.779689000018258	0.935294013155042	0.709319838175927	0.684695763670033	0.617953228770351	1.61143221510976	0.509374447952411	0.83300708870728	1.4014646928523	0.867308931624252	0.845155783295233
ENSG00000153814	JAZF1	4.35480386526999	5.38573795474771	4.70327996029098	3.50216021982185	5.11365542936063	3.81406905636188	4.12193976209549	5.46677831727715	4.59466208047783	4.01987101505631	4.90340306132638	2.97351798089874	2.32119128578232	2.30300106975981	4.10059856389786	2.28786780505507	4.1193869006415	4.40399111007142	2.02072251830269	4.45663637842752	4.63925124532259	2.69941807955525	3.58980942481201	3.41099675546375	4.02656661198078	3.07822327259327	4.53949737027138	4.02278458458255	5.51499649915319	5.06678266992488
ENSG00000164715	LMTK2	2.94913362971627	3.50252354677638	3.47197881025358	2.60045027769349	3.28326959289369	3.41850859878996	3.04312587339855	3.44095543257754	3.36290759180888	3.38640784077453	3.34810639390244	2.89356810181169	2.46078148677445	2.49833993184678	3.92367115209755	3.29537642366694	3.27200981317382	3.45798385144229	3.09214844106155	3.94340802056613	3.35970206893074	3.60720962668715	3.83302194230774	3.44188508947067	3.27539786874368	3.28790526586947	3.7490196032266	3.70858615856819	3.47348371274875	3.75172699953282
ENSG00000180535	BHLHA15	0.190438336370422	0.262945201740836	0.427908401934434	0.933720872857377	0.224623979338669	0.564458028537981	0.528742595998475	0.344838338006083	0.7476844774883	0.486308539215339	0.509583977031054	0.102440788285009	0.475390863721852	1.69600732176464	1.02654960184485	0.231866202169088	0.206576919448746	0.206363643451399	5.64780409813668	1.79930306564898	2.87823321223168	3.60055111046366	0.605348877744736	1.58694008820582	2.69292392996386	3.78108317081247	0.373353421927523	0.854265672712795	0.175842355000911	0.414566476834141
ENSG00000205356	TECPR1	3.90391178740179	3.37931277176262	3.79994404066617	3.71049051846332	3.60405763042403	3.8371536940161	3.91966907153372	3.92001703981965	3.67465964360388	3.76324141793332	4.07569266052472	2.71846141866627	3.14205549116341	2.79985914311442	4.79063475483324	2.86583355822395	4.40146260864137	3.70238500273802	5.35601106091264	5.01537319648182	4.47106754972808	4.21646841207783	3.41907448464707	4.1689196644701	5.03420073179542	4.39172892468016	3.66890956727902	4.44495635316374	4.0944221632366	3.81534978471523
ENSG00000183117	CSMD1	0.172904401032318	0.113978919411274	0.083013731431778	0.0146958945567789	0.0539237179126749	1.67394050603462	0.173703006265474	0.421399708425151	0.0660659505270091	0.0986901379047786	0.344384109393407	0.0359208906948755	0.23931771275615	0.0046234598773459	0.289525324453774	0.168142027256132	0.103275654846015	0.213859111649608	0.0200645141235993	0.312192355079934	0.174379129885021	0.119309760038495	0.119795875437501	0.0930365350014788	0.362184187399382	0.0529179993416607	2.42473295160174	0.197367825050608	0.454923845915141	0.169474517659738
ENSG00000167034	NKX3-1	1.38427790383931	2.52744591925161	1.77358419280626	0.574903316601488	1.14480847857339	0.856655561949526	1.78260540735584	1.81304051003257	1.47543197492994	1.73255033963057	2.27921275402115	1.3688898502989	0.848456392304921	1.36860128285956	1.80833601716416	1.80617635784711	0.956731244950289	2.16001687698247	0.711880767810756	1.45838791441568	5.4301330217347	4.81257523111165	1.05515984877981	1.33224050682946	1.06552249703507	1.32426727496049	5.16259249522462	1.05267353089889	2.13458239853894	2.16702955900227
ENSG00000206579	XKR4	0.229993457381262	0.11306775725871	0.599205584699348	0.0227280178149435	0.26082691908299	1.05148995165467	0.225124849622325	0.733970039605204	1.30868007836502	1.04363032575709	0.253088104946665	0.442960148674763	0.25537762526947	0.0471058360164046	0.0854070182952241	0.0218647820489878	2.73875415843361	0.168601975853692	0.228741330456104	1.26172804898132	0.631946771270618	0.355635618117985	0.225791279782763	0.621506297539141	0.0496042927981615	0.467254587799557	0.187167372510564	0.265915021093292	0.201291862693178	0.779042411923292
ENSG00000254087	LYN	3.56370390460728	2.86733133436506	3.34080998862539	5.60193812814744	2.95510939156962	2.07895783235626	3.48160293047267	2.89807409298909	2.70135470419652	2.61814022879879	3.38370733259921	1.66812992579341	2.27423172039351	2.51854559038481	5.09132366512261	0.814481860772615	2.67564656372619	2.18723075096	2.35970582200615	2.82734306489751	2.99522837540971	3.89146841451943	2.19638981841897	4.14969221181183	5.649020552495	2.87961851896995	1.78073290568486	3.95543619751378	2.46632167214755	2.9246111637107
ENSG00000008988	RPS20	5.6724253419715	5.6724253419715	5.6724253419715	5.65523295724023	5.6724253419715	5.67200177924448	5.6724253419715	5.6724253419715	5.6724253419715	5.6724253419715	5.6724253419715	5.66425062041708	5.6724253419715	5.6724253419715	5.6724253419715	5.6724253419715	5.6724253419715	5.6724253419715	5.6724253419715	5.6724253419715	5.6724253419715	5.6724253419715	5.6724253419715	5.6724253419715	5.6724253419715	5.6724253419715	5.6724253419715	5.6724253419715	5.6724253419715	5.6724253419715
ENSG00000181690	PLAG1	1.15225376084444	0.713903737577711	1.63398987936905	0.644420120301029	0.747114832671564	1.05272011545714	1.36336356234119	2.79320831119681	1.1916814987391	1.0906429656932	2.22477494973343	1.49582635639964	1.30640332360228	0.361383080760541	2.20214173023685	0.454251459253143	3.61629176873618	2.51713350327081	0.639178116300992	3.07440772863345	1.80135286626245	2.29347622912837	1.82739369971333	2.20231610667953	2.40932908508329	1.31636623960515	2.16388938345437	1.96374894948518	1.69125414607314	2.78101717481219
ENSG00000212993	POU5F1B	0.446004819559985	0.170428422780825	0.382778494060268	0.158944629872981	0.114456997929411	0.0721629769408021	0.635205736618232	0.685922525194251	0.190990808918972	0.229754222832277	0.532372935393564	0.096873816475543	0.494916561493903	0.130261779311434	0.353401333097262	0.0535791531625092	0.303026892777859	0.232257821314362	0.231208514082494	0.411506602676182	0.761037817091633	0.667428071141923	0.460276241147542	0.279954230787284	0.405671539076152	0.297602701826542	0.286203425531742	0.72198252490821	0.614500680525355	0.532470865305972
ENSG00000180176	TH	0.1916240008444	2.88942321290001	1.30872771714969	0.0317864853584905	0.101248705855817	1.36804967823679	0.187234938213413	1.00886924160431	0.224929824041689	0.666288086471935	0.593844751254233	0.0824418894755119	0.239874500684697	0.516547353698839	0.17007771064733	0.0496534265133158	0.624853961824947	1.14001220283412	0.210592775025145	1.91052409850546	0.550573642199855	0.203175030833689	0.53791943869288	0.415191660438966	0.429417894266013	0.438466862970831	1.21267645061201	0.243277277919677	0.692534626651317	0.987845569211189
ENSG00000183734	ASCL2	0.706506931925319	0.479548014612568	1.58107768345438	1.5785222540085	0.46924985400597	0.455598859571194	1.16153461464926	1.87240245533208	1.25933637757336	0.8928700531602	0.867851992739645	0.169726341546666	1.17244511768028	0.634162312375276	1.1619952271074	0.0975094486309575	1.48267698518215	0.312200156477747	0.584888852523655	0.363365400232828	2.26576693419756	1.75072000797763	2.51030265963336	2.66743561951229	2.0451051113085	0.809940021487479	1.61882670477893	1.01122010566448	2.02860651963339	2.04049777697616
ENSG00000110092	CCND1	5.12222474861406	4.80787589086994	4.90136974413472	0.844071838896401	5.58033170330197	3.60829986753212	5.35156115240753	4.04044069052592	4.54719080046711	5.35470734211036	4.42122641249873	4.67336431956447	4.26614869676324	4.69268651285286	5.51434820926268	1.38021486200929	5.65577278784167	3.15661626344956	4.28081989901367	5.28133115692782	5.60823834317732	5.30118130287692	5.65116834859874	3.9370900425957	4.36935006318182	4.44376616865647	2.64506550030035	5.45620049583351	4.34915543736603	5.39716629003398
ENSG00000149716	ORAOV1	3.19029043127207	3.09965377954757	3.66264137390295	1.97553655519084	3.29386285680672	2.7284948407187	3.35901396870261	3.93396655946262	3.3925195364279	3.36113974188869	3.88840583275375	1.98119711603518	2.62963116230087	2.14385280233838	3.27035651569271	2.15931516768993	3.77413132149589	3.93213770104899	2.52022869415973	3.65027319318627	3.68727523211412	3.19388022564814	3.70121748171735	3.5059316290989	3.82545645175507	3.10945189188879	3.75109900595189	3.86469497621662	4.00659253230503	3.71560014020874
ENSG00000162344	FGF19	0.00770600001484489	0.00473433541919083	0.00416589838181568	0.00312455764928649	0.00798556040465787	0.0971434915189436	0.0814985926152429	0.0400920213584591	0.0195894596858804	0.0116724246756512	0.0309677287135686	0.00275087445100622	0.00619251376264514	0.212265606213333	0.00647097613186637	0.00247238480704603	0.0160849505817963	0.00574654730494906	0.0489912109575816	0.222967153258253	0.0323333353530686	0.00433900072715939	0.0252059812715691	0.714693302159427	0.00410134264161283	0.0104059785591934	0.556119269748282	0.00980908400336081	0.0411910245751254	0.0185994321534041
ENSG00000170421	KRT8	3.43289437014759	4.39929307424724	5.10514510216305	0.602036419623317	3.70018845379881	0.55639582426175	4.21437785450127	3.77116626273957	5.03205677519423	5.12537115695403	4.58896487607929	4.69213790475051	5.53146456923573	5.62798094436717	5.59508724689713	0.389903368249576	1.26716283999644	2.75441722879496	5.66016049484639	5.53146505154454	5.51162452653145	5.52794175702625	3.62609440416203	5.53499304611756	3.55449239770782	5.49576643239766	2.96538983572096	5.66807489550259	3.93726958648541	4.13984282843121
ENSG00000111057	KRT18	4.44410427256954	4.6535084064784	4.93749787423086	1.35524419213121	4.250618376663	1.74886871393546	4.59939142986295	4.73845537196536	4.13968380057903	4.52457206136042	5.29168406138308	3.20479003195173	5.6649062362599	5.66396566977353	5.66594459313383	1.07578715555681	2.59554716143332	4.14598514712544	5.67190889472659	5.60566502720833	5.55531765506962	5.66057434669818	4.37425270900431	5.3719455097009	5.03612294154489	5.06826322131065	3.76572843342104	5.67159673124738	4.41538532159459	5.33661746484455
ENSG00000141252	VPS53	2.70367085656383	2.65614140970115	2.92536471479759	2.30060291136446	2.80110455137004	3.23154420842572	2.74924865837123	3.22846682840516	2.68652919200694	2.89462035262882	3.13066636162131	1.83576043020072	2.19671611947008	1.89987769902331	3.28102908967755	2.29215627721872	3.23429427361321	3.14270134076949	1.92008396687335	3.56256307886906	3.08795216010136	2.67992671564285	3.2545717254974	2.78415867547534	3.0975081460983	2.68944025741279	3.82235453160181	3.58348665088772	3.23786513384586	3.0923475835439
ENSG00000167695	FAM57A	3.39191241650332	2.35184240491109	4.04330334979985	1.40555658270953	3.34618422021332	2.68728249153726	3.24255256281964	4.12887524588162	3.10437246039157	3.87173839061413	3.68225879460864	2.03584135014025	2.47421103462172	1.45330737146027	3.62194093692296	1.16498015415917	3.95414101233046	3.64802926820481	2.52081896161635	4.12979689741282	4.13175826609955	4.00788485856032	5.55921809523021	3.29409633687523	2.56127296317541	3.92751769463454	4.18994046585894	3.75881246673299	3.77676953501827	4.75335652965859
ENSG00000004897	CDC27	4.83356159989181	3.95262592776619	4.4680273674273	3.13354507418219	4.85528747599	3.63465611243463	4.69883613259981	4.75461391244624	4.11515934645911	4.16395259700213	4.64349302386674	3.33804374257348	3.17168305098245	3.00494919243924	4.68689011634181	3.89773606140801	4.80692591304621	4.39098266039549	2.69637948460413	4.36189921286737	4.17843481964675	3.85006408440606	4.44620396928936	4.0163315761672	4.24136277981272	3.67125193885489	4.53632268206207	5.19196874921066	4.92697282669689	4.4419295878246
ENSG00000259207	ITGB3	3.46348274814089	0.78197655760661	3.48110241446046	2.6584249376959	5.23298581727004	0.498642726553457	3.16224699222276	2.9643428240887	4.05835112995225	3.11260604595052	4.03007261252695	1.99744303834551	3.59584121771663	1.10875494023272	3.29011016594767	1.01336873738564	3.57140639177038	1.79581389689597	0.392839813081994	1.59780813336728	2.65678508286091	2.18214321946305	2.7986815263714	3.05561799955106	2.29301849476113	2.32650301720265	2.17442874076571	5.35942402608595	4.20612638765776	2.33280930234721
ENSG00000178852	EFCAB13	1.97105070512672	1.21854113872704	1.99161758093434	0.594127279432949	2.38684107110973	0.574373812654451	2.04114027869402	2.34897104126821	1.80542042424526	1.58031003721433	2.38738161919261	0.941314931888657	2.21832907394917	0.955741536089281	1.83949715357432	0.47742439401758	2.73955142741346	2.28878849359865	0.788795331276842	1.72862601749572	1.99366616969073	1.54775087715308	1.31902247835331	2.12435586985378	1.85099957473691	1.3834293192997	3.95679287460418	3.73210984263183	2.42632578007322	1.89660868064251
ENSG00000141279	NPEPPS	5.39024231252617	5.45851737635531	5.53829223506573	4.67769367922063	5.53752599697259	4.76778125233872	5.3888721298937	5.6532210736968	5.48874659136007	5.56551852273547	5.65072650850448	4.18035142554765	4.48832506492194	3.70668621015435	5.56958081423209	5.55059673618901	5.61332240343347	5.6638180765123	4.18949493523625	5.36271316829592	5.40530072298279	5.45301055716526	5.64242572275324	5.46512555070625	5.37930577317233	5.02721497643678	5.31224348276844	5.48962368534549	5.64536972011493	5.65449782453776
ENSG00000005243	COPZ2	5.52710794422654	4.82392616766649	5.09858729308738	1.38576377541356	5.66214825675386	2.80587637200936	5.29800028500276	5.30246924409868	4.83879656756621	4.91594517707452	5.20975795217345	4.46954733920172	3.77038883382935	4.15373070740647	4.64532322468486	5.30254969897016	5.67141115526485	3.96766572040635	2.86089857464129	4.02376752601193	5.20426087474976	4.52958677127511	5.10223598995544	3.70498207528879	3.58767034078254	3.67165765052524	4.76509332133404	5.43635354211103	5.32016669272942	5.08111722768295
ENSG00000002919	SNX11	4.06157564848375	3.79658290432955	4.28202168908962	4.69651406477364	4.11245482804743	3.76030907080727	4.0605769273532	4.13967039863039	4.14067992645433	4.45551450338403	4.14291418637673	2.78415866577931	3.69876132948908	3.13880895469971	4.22612776889853	3.05106851035054	4.38268684250587	3.92383845188714	2.8772628596506	4.10596432433194	4.28851240894114	3.77059967576079	3.98531848991564	4.08590555589651	5.05040890492642	3.80102735475401	4.34362009745359	4.71305365062307	4.29551882261836	4.20670709561311
ENSG00000141293	SKAP1	1.30831142981339	2.88783309155781	2.0226990898629	3.96812396006634	0.687514799371018	0.331270581751778	1.78891717918952	1.64171183842953	1.10394449276798	0.945873576035354	2.26403353388482	0.252273076712911	3.24127010769805	2.60786253162577	2.46613957474834	0.17020039453713	1.29569017711751	0.496668201400113	1.20637442089516	4.16668072870284	1.47415669261672	1.86998934136758	0.703949341812868	2.6959438423369	3.72513511763626	1.20159306775888	4.26708723803743	1.46169099339869	1.30056481294947	1.33602946880566
ENSG00000120094	HOXB1	0.0172751252300141	0.0123846032676541	0.130678098585135	0.00849557637757073	0.0145210083769757	0.0071438060789316	0.063369254397562	0.205968853929323	0.0907963791703064	0.250399830067414	0.352402716957918	0.00521733961471008	0.271280246600487	0.00578518431292072	0.0651729559963224	0.0100098747760402	0.0169781275066177	0.0101387681659591	0.0072816741719681	0.00773007128780732	0.0692147747490922	0.00751893186888099	0.236043957856914	0.0571470138671363	0.0183575550868085	0.0203481792270011	0.856421161244158	0.0115148239858555	0.0350728492815827	0.395245893794568
ENSG00000173917	HOXB2	4.31084565947119	4.40542846767951	3.76349215317896	2.00441039571482	3.91994373762504	0.54071725038544	4.61791852308354	4.81715298362666	4.72845443829906	5.0154536710723	5.3191591238662	2.37877853717807	4.61983860079065	1.57528310112654	4.29624824216195	2.08795037347309	4.04044192976518	1.92279385151388	1.33000124224113	0.676932386737359	4.07002176555941	0.815937337194618	3.60543671432877	3.97361513613621	4.16670426442414	3.39981586729637	2.84933454546492	3.2887225201286	4.71284303978818	4.5133750354649
ENSG00000120093	HOXB3	3.83977996131866	3.0664902247575	3.33462543619082	1.05336014830642	2.55793672715388	0.283337960825129	4.2089270007327	4.02621996602065	4.91558243915946	4.30062934204665	4.98036146720502	1.35683809304408	4.1322002617716	1.27529906054107	3.78521054653658	1.41812182727682	3.44060439099569	1.19735337475863	1.32067638804602	0.328643893179362	3.26338701780242	0.588313695781	2.79459286829689	4.55614919788254	3.95792309985224	3.30024659913832	3.46170230848878	2.60481191061923	3.98191825856423	3.499921791189
ENSG00000182742	HOXB4	3.06954009267943	2.54129460780647	2.31659289252691	1.09485923811473	2.09902073041131	0.185867023359738	3.18897621491214	3.02201752310255	3.85831233164752	3.77221707527898	4.4975452494484	0.782964111158619	3.12043350031385	0.962750614454235	3.59180965833394	0.876449103512709	2.89224853315547	0.645584404835253	0.971887783686934	0.169812625016804	1.72422977446936	0.452189162774212	1.99013557660722	3.34256475942887	3.08894720772519	2.68910054601171	1.96737700880334	1.8969210204252	3.02137426229751	2.71905670868708
ENSG00000108511	HOXB6	2.51232570743854	2.66454284674964	2.14841333420065	0.133346734613112	0.98171009458626	0.200213120570334	2.29984811204113	2.46119090550057	3.61668663187646	1.10171797779618	3.28664914330512	0.318492983461739	4.4465072337074	0.366590921770935	2.90220692099838	0.488632564319438	1.32522614740405	0.405067577109578	0.548674636147947	0.198764617323211	1.42184894026595	0.211646181923207	1.31433992384213	3.7764406407461	1.88783745224024	2.46944627468773	1.46681739997466	0.855662970781816	2.3318180982666	1.81803484237094
ENSG00000260027	HOXB7	4.03887212172893	3.83854686261718	3.42778570890466	0.675258466948863	1.88978746157806	0.32181864022325	4.24668265711721	3.53812032267485	3.77591576574175	0.951989453292142	3.74111163441304	0.288300665547828	4.52072652384047	0.311849313742896	2.34312898724654	1.18124069997615	3.37614784491585	0.863611483607288	0.647509801382424	0.300746611330168	2.28536352271103	0.414099643713007	2.76206935946795	4.72995157588406	2.48185762954285	2.47065394291882	2.40342755921096	0.949104350809128	3.39071749081215	3.45508198864733
ENSG00000120068	HOXB8	1.87670283759131	2.92255932589025	1.60521127345888	0.039641304272193	0.380637103088518	0.272467594395625	1.93725754471989	2.01889918807587	1.78764121000742	0.191796018268902	1.78879573379933	0.0304113517183811	4.32807176454021	0.0160196932075368	0.635457638761489	0.130118188583429	0.85114503828376	0.268848448294481	0.0693260135280574	0.23317131744534	0.846748932370137	0.0440702466148867	0.417565953368494	3.17420519517455	0.170739874782116	1.92843969108545	1.50140906305442	0.238811294663499	1.55914139846827	1.04876805795044
ENSG00000159182	PRAC1	0.0511173373794234	0.0121361942967187	2.51215692792113	0.019550080815344	0.0265274922167673	0.00783854524575393	0.0713823578874461	0.564268986155989	1.62933527135486	0.0742083385566982	0.144716864395653	0.0104215282669036	0.0142618665729883	0.0123956297914731	0.016933200735667	0.0102251213867257	0.0248045397600184	0.0279485145452571	0.0100769193776672	0.0177694072304948	5.25983993769519	0.0213069610760747	0.119875725452778	0.0764924010223364	0.0170508224165582	0.0158504570403967	0.187807315462918	0.0286935555147963	0.0379351215188345	3.17827031295679
ENSG00000159184	HOXB13	0.383991245078737	0.0148812479715122	1.62715470148988	0.0123483926408285	0.0340151081791854	0.0120720660021291	0.0767788550684726	0.505355015891267	1.37120665569612	0.0583107367243226	0.135658854416994	0.0114265858460734	0.054440062702935	0.0127770991987374	0.0195916110239844	0.0206984304680412	0.0257834083650907	0.0337526401636307	0.0159707216856267	0.0226355089039064	5.23583134368804	0.0167687801579365	0.671836974891463	0.0415032887572601	0.0169820083905718	0.0172121248481266	0.25138951699215	0.0335072855475492	0.034100886813816	2.76129240535604
ENSG00000170703	TTLL6	0.412648125789336	0.232798888292803	0.383070022173946	0.027996425143556	0.22107577918048	0.588363571771777	0.508358867358591	1.04446847949813	1.34993389312405	0.247836230358856	2.40590789458532	0.142097799239142	1.87314983156771	0.0613667758665517	1.41471873103344	0.102744909476059	1.21492508553859	0.382834077143114	0.734837932457351	1.54246368704253	0.551924399819822	0.116392916608315	0.289585118542738	1.11942487723284	0.0346435980396636	0.569758201472331	5.27128989180741	0.619144155813832	0.937009192783732	0.739984555268764
ENSG00000136436	CALCOCO2	5.66332135837145	5.24606350578807	5.60950185796545	4.8141205270289	5.67124246467105	4.14074841259245	5.66493578087862	5.6724253419715	5.6149665831431	5.56598975842979	5.62999717629156	5.18807021489315	4.6902313663829	4.45937931216451	5.66485781142205	5.45584319937126	5.67237218568319	5.6654834729489	4.02954059786306	5.47140943305263	5.52955143275482	5.19545525329551	5.61320678168371	5.54842472403702	5.5615395748498	5.24776831465448	5.65692591296515	5.65766447462158	5.66736259837752	5.65625919389854
ENSG00000159199	ATP5G1	5.60898955114033	5.65528326340516	5.66529179049867	4.53384184081729	5.66032289062772	5.55884846064238	5.6226436298425	5.65653522147091	5.67026884337473	5.66771092425217	5.6724253419715	5.60115587901869	5.66626531126106	5.52611408762893	5.57742599324636	5.6724253419715	5.67199919574979	5.66217965931323	4.9592821255158	5.67004780888458	5.65681998403951	5.61822444893308	5.66835984312041	5.66773158805322	5.65702648115398	5.66682996852521	5.50839252178339	5.67115468537815	5.66914255926519	5.65558025646517
ENSG00000159202	UBE2Z	5.57352522190947	5.57957382335066	5.66877377042401	4.60768758584057	5.66521309235288	4.8802405902779	5.57211816016562	5.6724253419715	5.56067992172135	5.59981602323388	5.6724253419715	4.44676369425241	4.99962881129402	4.22031943475969	5.65808537999639	4.41102799373823	5.67064283982435	5.66982286277563	4.39335823564605	5.61592059270826	5.65803544310337	5.56087609815204	5.66795493824616	5.5523115496589	5.65511778715535	5.33687016526928	5.62067940572832	5.66974180480183	5.6724253419715	5.66888901629647
ENSG00000159210	SNF8	4.84894835123247	4.72189973534962	4.96861023626739	4.02740391892126	5.16624685330676	4.19039433937193	4.81883437057011	4.98442998182448	4.79860367097609	4.80770447579376	4.9276584331566	3.98201443398305	4.32333452548404	3.71867281622803	4.82137981373873	4.20107534533196	5.04160881862993	4.7442920628668	3.48179835397101	4.66003635366774	4.74767324764873	4.45856960745272	4.84629440027062	4.54748951686081	4.72535627286565	4.53686193404187	4.97321323413492	5.01302920605755	4.95055077012392	4.72190959136714
ENSG00000167080	B4GALNT2	0.00687168564087068	0.20691337643113	0.0113802054966776	0.00669697644302285	0.00769853331672852	0.0141875676919022	0.0443151013682784	0.0108965762227251	1.45582030806627	0.0395184518331515	0.0271771105011438	0.00347456400247578	1.05307970594311	0.00436495796462135	0.103386542626416	0.00468125781627979	0.00936507001958834	0.0107094699721717	0.00651012481599469	0.136462696446641	0.0202119941656112	0.274462940688878	0.403918993850391	1.06281735270116	0.0101496260037263	1.57477645442863	0.398397018037607	1.62835357183026	0.00873258550161977	0.0482325529657689
ENSG00000173868	PHOSPHO1	0.955184268764337	0.899141037443454	0.706036628755937	4.82625059612415	0.57054815176773	1.26781873410194	0.814420534410672	0.835599957503886	0.620965644300627	0.67153373419326	1.52438914768774	0.729531731404146	0.913958091654731	0.566593321044384	2.21410393166436	1.28602761253201	0.851450731472706	0.499463437632191	0.22673052095061	0.962965607481802	1.20654011114058	0.741578432631897	0.418731819923081	1.36329883357681	3.67613911508961	0.59159819190402	5.45497957345822	1.16706522671576	1.04315044135004	0.796034213263473
ENSG00000262039	RP11-81K2.1	0.194877874735777	0.349393824743415	0.776762194261842	0.571986462580497	0.219361209144158	0.679230058491383	0.421754475851604	0.597801379631098	0.723865981038395	0.350223091088719	0.529716584109252	0.0702118187741924	0.159451293145474	0.11487111758484	0.505001904376015	0.0372680442295342	0.78215614742285	0.397777940473629	0.0655038145965561	0.547047978202054	0.594477842961019	0.531155399476376	0.344740942260695	1.15237743859868	1.30903872447543	0.392333313949114	0.836859635751372	0.312907789776186	0.409169889272604	0.425099362165049
ENSG00000064300	NGFR	5.00418342825487	4.86754473915738	4.27352080637999	0.771706791597284	4.72475940976604	2.20500186282828	4.99869701162869	4.66876359008176	4.42341579906593	4.20886728338781	4.70967739911558	4.2561143239703	3.13357249881976	4.01715808291173	2.58998253057202	1.87278257029156	5.6724253419715	2.53203222343059	3.05161695563448	4.27891471274856	5.0569702965725	5.05276298089272	3.5742873419432	3.57569542603001	5.09871579162374	3.13571271534086	4.2686734319681	5.38398410348002	4.27225155922516	4.32810286866091
ENSG00000121067	SPOP	5.01193773768001	4.38939127658365	5.42287243397791	3.85606332947355	5.6315046043199	4.47559884857957	5.03902474161704	5.50828699967053	5.32075045195422	5.18004160899947	5.52156544033125	3.843669048483	3.8324383011562	3.73129204336093	5.22275699256546	4.27928081438023	5.40605948027796	5.43687901614376	3.41475756070651	5.01349236691432	5.4586440627606	4.55810268566537	4.72116693534315	4.91719729980888	4.83718336472882	4.6133249506286	4.36661096416581	5.2856307732165	5.65520928702502	5.22842753953555
ENSG00000121104	FAM117A	3.96337946224003	2.97503037504214	4.77621115541911	5.0871400048001	4.75567582821234	2.47674831468235	4.06796884862363	4.42320003268948	4.38559904738731	4.07282824735556	4.75623862710617	2.86173697021832	2.93437297055894	2.69476263275503	3.84681990553066	1.68260165168745	4.26458125040805	4.92473178085494	3.06772406533439	4.40006871096412	3.93992325482311	3.73391939508859	3.92342529211799	4.43404620736361	5.39589824792167	3.72053011736537	5.08436262776767	4.62340382015942	5.19642712658878	3.99698702311499
ENSG00000005884	ITGA3	4.98671187442959	5.39960078625428	5.43653267218329	1.04073667022036	5.65701890595281	3.42005190675903	5.10560648139389	5.30308384755383	5.25353021326406	5.29960861991324	5.42265238628937	3.52397421967759	5.57069776873455	1.54075743846	5.66692262439959	3.06724790264553	5.61796689630324	5.09566034845016	3.72661631027465	5.62702880448716	5.50515781172587	5.04137672044659	5.5200257023744	5.14975000894685	4.7854813026037	5.00685345060763	2.89164775362585	5.66905034457113	5.51800871731835	5.38052122187613
ENSG00000005882	PDK2	4.95973495766359	5.41961957724597	5.01639007888306	2.35532248571023	5.43016158959661	4.86895723009977	4.93539193602451	5.20120443863834	5.16977589022735	4.73176263808039	4.98461585778803	5.05048340680483	4.78469578685258	3.90876697712906	4.1193985519087	5.60206757868193	5.40081851329897	5.4614591277349	4.30362914674713	4.31334191365167	4.67846311117699	4.45804379327728	4.55545944221535	4.93872619022984	4.26927328144137	4.82593084686849	4.35432988663482	5.21574207253821	5.33450743055918	4.79728275363542
ENSG00000011332	DPF1	0.200408609488062	0.186284639119493	0.202385309888447	0.19068885139656	1.06520778056117	3.78339635897302	0.247900485897184	0.428034644021191	0.281929021858646	0.234581731548908	0.454150426189428	0.236956622678456	0.0718375140330275	0.0286541112919534	0.590573191889943	0.0927954633716758	0.2873914186165	0.506427516459284	0.0830855086597256	2.22587817924777	0.274509424623028	0.089191732768111	0.828372782034009	0.199974477791106	0.153983446226692	0.155521817424828	2.5362960313146	0.131565306341538	0.475881379578598	0.221271730405135
ENSG00000167642	SPINT2	3.14595172419716	4.98386563965666	5.45351917974061	4.44136144985942	5.29486205274837	4.95729417083721	4.41957336260128	5.43250423486502	4.58041006610805	3.73484037486491	4.86608590205564	2.37067646845168	5.65887491841727	2.64169134601819	5.66246113979665	0.696199088005938	4.89714955065247	5.60150831464891	5.66868826435438	5.67214382489895	5.56315541928096	5.67110044023251	4.36545685169231	5.28318500530316	5.48626121671871	5.15076152393953	5.6724253419715	5.67091923452661	4.11194252845709	5.37939911875778
ENSG00000167641	PPP1R14A	5.5283894681523	5.64362591171462	5.5904490853654	1.1011596688538	5.67001133658224	4.83988297551293	5.54488939644541	5.40200429362958	5.34405866467017	5.20446080856272	5.50725214234259	4.19605742469507	4.23454382371491	2.41798105079115	5.64859084241158	3.127431755275	5.47630791646286	5.65235293078805	3.17927317645966	3.25695246237556	5.45334581701798	3.55497649706927	3.23102252131576	4.66413137998776	5.49549868068201	4.57212033393647	5.65320142518076	4.22467891760744	5.64834210310164	5.01258097685779
ENSG00000167644	C19orf33	3.70028735154268	2.24718804064582	4.43384148531738	1.70978986869733	2.79169039124875	1.15281230769602	3.89833181472416	3.29873203080779	3.68828945248015	4.08474358385142	4.59804854666218	2.32843718702322	4.14164403477283	0.806947974418663	5.63961914634195	1.44314337140856	5.55820789218584	3.17323747015156	2.29890605683616	3.99138200124037	4.25428425959266	5.63383837728224	4.47492220126513	4.93939008500826	3.18721260705233	4.74834117805365	2.25813997808194	4.71860544427461	1.9427008687875	5.17936156556508
ENSG00000167645	YIF1B	4.68937375020072	4.5605734516729	4.92133882469783	5.0038187036055	4.50564104204047	4.66859531406763	4.76044729060991	5.33201280495204	4.64107424661168	4.24270676541659	5.08155058065677	3.78536927791889	4.06446932499595	4.36508930784753	5.28366030001844	3.87719802871013	5.42649117085174	5.13495865347504	3.46876910968189	5.07001098132809	4.850242477725	4.68683539788676	4.84821402233063	4.50178022170442	5.47329246290349	4.10226237939083	4.94314474656647	4.7085672100092	4.99974234578813	4.87730535967148
ENSG00000099338	CATSPERG	0.872502561195555	0.48412565031674	0.809877506260113	0.54127003768883	0.934882415585324	1.12901435331314	1.28789576741633	1.40703241376469	0.74658023556201	0.700818028125251	1.26068747267438	0.307079789215303	0.702623879807554	0.452422804403466	1.19983035952829	0.271558494257563	1.28229788170314	1.10391518772501	0.414315405512418	0.836239761789021	1.37440745537483	0.964200277820767	1.16451308174218	1.03572251042304	1.0149344153282	0.659255014829509	5.5369932452601	1.78148653502492	1.23082576128929	1.00614910751945
ENSG00000099341	PSMD8	5.6704961977165	5.61135061480127	5.6724253419715	5.30951180480978	5.67167923474689	5.31140056699162	5.6724253419715	5.67128530076862	5.65290689374524	5.64700202727584	5.6724253419715	5.45777335206891	5.38316561184234	5.13920026045097	5.67134481415239	5.6724253419715	5.6724253419715	5.66932753446538	4.9708577172038	5.67068498663562	5.66123414287697	5.65379167048788	5.6724253419715	5.66333368260756	5.66533048483839	5.59771871475499	5.67087485662739	5.66906892369932	5.6724253419715	5.67065557817451
ENSG00000179168	GGN	0.514538914632157	0.416338104513595	0.581622595738023	0.26507980920754	1.66296225122418	1.06205280549632	0.749905751975649	0.803808375165951	0.515129529697904	0.721343481527891	0.765259008029534	0.297449248179525	0.608245772192582	0.11971616619552	0.814828669220158	0.510314571429372	0.706201039264187	0.622267831784581	0.205584099942375	1.56391706079127	1.14905284044209	0.905361563511571	1.00345241476456	1.25853055998685	0.252630394970754	0.502676842517053	5.57944270441852	1.55392013336428	0.795181288335314	0.818532883989091
ENSG00000188766	SPRED3	0.711181545936365	0.535957283813197	0.974806929432582	0.194716620108617	2.07590385279984	2.11789893183172	0.928682150790347	0.9681302712937	0.748434585420222	0.845416768509665	1.14401237054879	0.488192429616909	0.856970397672833	0.217979778796041	1.0708360190819	0.70329178038225	1.34407590713861	0.661631562664895	0.453208915724889	3.26088862351535	1.37211969162782	0.779407793861836	1.43953131095463	0.704475902946999	0.354029915609882	0.6484154429734	1.8085322387492	1.16153342803555	1.01574264968541	0.908509226803306
ENSG00000174562	KLK15	0.0105927411089133	0.991881213527382	0.0164873824463471	0.0221306417969924	0.00863956360842165	0.0188794953836006	0.0314247662349615	0.0570305999126827	0.741129432543381	0.0149519793354592	0.0104318810210005	0.00521380572005454	0.269018358327575	0.012413275930267	0.0152102803522408	0.0144568221974412	0.0155414414572536	0.0232056680007512	0.0937330287520711	0.014386091487618	1.13479925118585	0.188993557483978	0.148742351945173	0.237335692826669	0.027694700134101	0.0458658492487832	2.95217309055344	1.22929120167824	0.0353424776038748	0.0175001564744267
ENSG00000142515	KLK3	0.25183349841526	0.568964158526433	0.517605710089431	0.172618367489413	0.254976471438951	0.149275298142223	0.977804152154409	0.727857394217303	1.0938173077037	0.294245089975695	1.11199934158919	0.159206907132795	0.502365849355161	0.25485301080812	0.281245478547726	0.154938239665006	0.237418617801871	0.456395299758663	0.312598155999859	0.324931124604342	5.52176718149962	1.25948358295304	0.321068219513529	0.768054457471571	0.303968326290948	0.330819626433593	1.19600521816696	1.24939728543414	0.59135599180581	0.327693951404545
ENSG00000167751	KLK2	0.141314630218609	0.177359172228907	0.333785451611767	0.330968792759256	0.135773511960908	0.0844153923806091	0.694100386268993	0.521869273910324	0.216582874180567	0.152221189270942	0.746273206529268	0.0785728703673137	0.120910833299283	0.125761181155943	0.152926702132617	0.0775683110456843	0.22370372410801	0.222589005587031	0.141212467685394	0.187912636939998	5.46508728507001	0.215014902015717	0.191259251289948	0.287365979201482	0.38396899402851	0.160576102842714	3.94744945836366	2.86337020363445	0.402250354679453	0.1700347157722
ENSG00000101216	GMEB2	3.67853347575717	3.47266365043551	3.99841007543555	3.68583861144653	3.95165823449729	3.04276185523459	3.82941628237848	4.31644420889759	3.80000269212345	3.94725505753275	4.58345247034046	2.56178624174302	2.93169475100665	2.74030802031037	4.10267451070798	2.94448074672098	4.22278520273132	4.34302325557947	2.82867935156653	3.99951332110307	4.15184068669734	3.55767997166532	3.91397019338443	3.95458140608447	4.20486099585822	3.49449154941224	4.99969896107264	5.09004709415893	4.43678862894963	3.86887623788566
ENSG00000197457	STMN3	4.56952027981652	5.46890049112531	4.71706395018326	3.11691839497296	4.36547071672593	5.63309889134158	4.63241894431295	5.25275903593408	4.5239787159934	4.53414290828282	5.35272481757126	3.02685454293231	4.13700214901033	1.39021256423608	4.93715227627665	1.63579324576312	5.1679262794376	5.58312544969924	3.11546054056634	5.67125504514176	5.03485804730997	3.73004095749263	4.5055813463918	4.64383952699102	5.5178765415049	3.77004080327336	3.92130108389421	5.6589455707195	5.42864521217234	4.61137364850389
ENSG00000258366	RTEL1	4.15978681842573	4.20615284889733	4.613267164364	2.76770700578538	4.83161287725808	3.56675399297229	4.32082314796943	5.05726886039555	4.51965955255691	4.16383541576798	4.84950836341533	2.72399003647477	3.57429721681626	3.08956534272822	4.70031425082578	2.85672068620068	4.83609442578465	4.80565632643052	3.11704444747184	5.53936452350642	4.79127631984826	3.88759463656992	3.95338250249458	4.24514970683586	4.74922700275065	3.98766105580841	5.06861768167528	5.16703650807087	5.30523403356172	4.56238856042984
ENSG00000243509	TNFRSF6B	5.13983710787842	3.76309117016976	5.11317120098958	2.06978613934981	5.04339081608354	4.62989509230077	5.14649642245415	5.39169663447819	4.79363545790564	4.64765853444601	5.41449670022766	2.95295453380124	4.30235306741391	3.01829397653814	5.48634358615768	3.06813185978535	5.47648660550803	5.17518811533899	3.13638417450012	5.64483063684576	5.09554877109704	4.35183049316105	4.53509545972616	4.868585234398	5.52452808666465	4.11182289529558	5.22958072549834	5.54114310707995	5.41556094540728	4.93711295150822
ENSG00000101246	ARFRP1	4.66935043665072	4.50746672457582	5.01568357971825	3.82262061005569	4.95442255677988	4.3458675281547	4.784716269249	5.34981587392039	4.75725329593884	4.88634345249141	5.22534970835274	3.9680150732766	4.33431833385684	3.88071185729612	5.0581458107459	3.7971679134246	5.36896809453203	5.18470546085596	3.37051911980637	4.91696767670555	5.23424883088323	4.39632760168553	4.57179477314368	4.77988828712671	5.38350902569239	4.28996231358161	4.91912824645865	5.1427136808494	5.34406140980796	5.03847332880912
ENSG00000197114	ZGPAT	4.8955581408788	4.86337885443298	5.2475868517696	4.76883522598852	5.07035062401881	4.18209993557359	5.04011545467894	5.45869263322808	5.06001677711071	4.98292260296112	5.34113915273868	3.68767040001057	4.83272043217041	5.36052153762929	5.27080148824229	3.70645362876619	5.36351584814609	5.26895900729943	3.72683120422969	5.37981116995276	5.45672348493062	4.85410007940655	4.98732811118937	5.1675989653335	5.62751610315508	4.67185523934077	5.64221250465537	5.5211855441213	5.47936368036407	5.25420299205513
ENSG00000203896	LIME1	3.99323350605507	3.51512153709163	4.33865862126123	5.13291706178219	3.98647494380961	4.5966807954359	4.00021022781837	4.84212979620611	4.29086995527039	4.11218267385744	4.55100799605991	2.48423630017788	5.15557526939243	5.46642219885129	4.54061088718537	2.59858867035591	4.71737483377347	4.93342425076832	2.6291316852818	5.19145317635114	5.10181917556805	4.25674012079796	4.12697555565867	4.79737186385382	5.63057838431488	4.10434483815039	4.77251975249004	5.18870785440669	4.64069670459121	4.56013341474489
ENSG00000125520	SLC2A4RG	5.64630596864946	5.46504692787937	5.6724253419715	4.41086559280237	5.66859075769513	4.37915295099414	5.65149073471194	5.6724253419715	5.45127609355297	5.62919604054298	5.6724253419715	4.9777854924839	5.59688939875252	5.45932612378899	5.62770690963317	5.42922554061868	5.67089742867454	5.6715488097871	4.32969771118334	5.46965052597307	5.65236084848132	5.28644323317088	5.66878637242844	5.20763327861099	5.61001741324324	5.16875689826805	5.59344821679822	5.63582924699545	5.66601633392632	5.65760191867469
ENSG00000130584	ZBTB46	3.57893592609513	2.75046460592803	2.74682728824711	0.875843554250458	2.35191353807611	2.77728905226299	3.59537902195965	3.6459187690612	2.18457095527989	2.47002007762623	3.99116907816557	2.55641366007171	3.20292120336252	2.00542797274529	3.46300972035698	1.83346932801017	3.88449680841737	4.49489800671738	1.55155289635584	4.13163924786859	3.1174228626874	2.30678474816245	1.87352885580967	2.54572888267169	4.59169422334255	2.07285040748301	3.20375489446635	4.32636598476657	4.083919558953	2.76294126745049
ENSG00000100290	BIK	0.411793383898676	1.91781381273775	1.43156318309023	2.58291147573021	0.277826973524876	0.262975647543509	2.33456917738072	1.33030849267576	1.75318005950693	1.65125816237163	1.75980194149026	0.241231236604992	2.17518643809639	0.434309151854744	1.79720685543004	0.0639549520536379	0.353929126363569	0.617661595216148	1.33478884712603	1.49661701083622	4.12692280771425	4.57558374191041	1.9000569403827	2.82061510898316	2.35121008448942	3.06206014246582	2.52018837151081	2.21483772546339	0.330369418535076	3.01868709459232
