,FID,IID,PCa
3238,1032396,1032396,1
5231,1052325,1052325,1
11333,1113348,1113348,1
22623,1226240,1226240,1
24248,1242495,1242495,1
25301,1253029,1253029,1
27436,1274376,1274376,1
29139,1291402,1291402,1
30212,1302133,1302133,1
33116,1331173,1331173,1
34133,1341348,1341348,1
35545,1355468,1355468,1
36130,1361310,1361310,1
36454,1364550,1364550,1
44828,1448295,1448295,1
48381,1483829,1483829,1
48488,1484893,1484893,1
54095,1540967,1540967,1
56948,1569493,1569493,1
61064,1610654,1610654,1
68663,1686642,1686642,1
75637,1756389,1756389,1
77797,1777987,1777987,1
90961,1909628,1909628,1
91626,1916279,1916279,1
104356,2043570,2043570,1
108875,2088769,2088769,1
109229,2092304,2092304,1
111674,2116754,2116754,1
120570,2205719,2205719,1
129913,2299149,2299149,1
131505,2315060,2315060,1
133242,2332432,2332432,1
137294,2372955,2372955,1
144598,2445991,2445991,1
144822,2448230,2448230,1
149242,2492439,2492439,1
151205,2512069,2512069,1
153096,2530973,2530973,1
153153,2531540,2531540,1
161909,2619105,2619105,1
162122,2621230,2621230,1
163279,2632807,2632807,1
166079,2660801,2660801,1
169072,2690733,2690733,1
172087,2720884,2720884,1
177425,2774260,2774260,1
182446,2824478,2824478,1
189757,2897588,2897588,1
191907,2919081,2919081,1
192600,2926011,2926011,1
195501,2955020,2955020,1
197528,2975290,2975290,1
203584,3035858,3035858,1
208384,3083859,3083859,1
213922,3139232,3139232,1
222829,3228301,3228301,1
229744,3297451,3297451,1
234373,3343740,3343740,1
238526,3385270,3385270,1
240554,3405552,3405552,1
244532,3445335,3445335,1
262234,3622357,3622357,1
263739,3637409,3637409,1
265229,3652307,3652307,1
265326,3653276,3653276,1
266289,3662907,3662907,1
266857,3668583,3668583,1
270372,3703735,3703735,1
273165,3731662,3731662,1
273346,3733472,3733472,1
279171,3791729,3791729,1
283536,3835374,3835374,1
290887,3908884,3908884,1
294420,3944218,3944218,1
299168,3991694,3991694,1
303243,4032440,4032440,1
313341,4133429,4133429,1
326123,4261249,4261249,1
331143,4311446,4311446,1
338232,4382338,4382338,1
338463,4384640,4384640,1
344229,4442300,4442300,1
345060,4450611,4450611,1
364259,4642608,4642608,1
364455,4644569,4644569,1
365524,4655259,4655259,1
366141,4661423,4661423,1
367410,4674115,4674115,1
368323,4683247,4683247,1
372939,4729401,4729401,1
374780,4747811,4747811,1
382145,4821464,4821464,1
383013,4830141,4830141,1
385260,4852619,4852619,1
387888,4878895,4878895,1
387975,4879760,4879760,1
389885,4898866,4898866,1
390255,4902567,4902567,1
398721,4987220,4987220,1
404641,5046429,5046429,1
416973,5169742,5169742,1
423285,5232861,5232861,1
423478,5234793,5234793,1
428464,5284658,5284658,1
446542,5465433,5465433,1
447031,5470320,5470320,1
448613,5486142,5486142,1
449212,5492136,5492136,1
475068,5750695,5750695,1
479858,5798593,5798593,1
490575,5905760,5905760,1
490687,5906881,5906881,1
496222,5962236,5962236,1
496537,5965382,5965382,1
501699,6017002,6017002,1
