No	GenomicLocus	uniqID	rsID	chr	pos	p	nSNPs	nGWASSNPs
1	1	1:204457336:A:G	rs7556371	1	204457336	5.36315069454e-09	155	141
2	1	1:204492631:A:C	rs12757249	1	204492631	2.65130688737e-08	1	1
3	2	2:63277843:C:G	rs58235267	2	63277843	7.1318138668e-14	9	8
4	2	2:63366191:C:T	rs11890276	2	63366191	4.06827217187e-08	90	87
5	2	2:63691920:A:G	rs72821624	2	63691920	2.51692340904e-08	82	79
6	3	2:85807079:G:GA	rs368912301	2	85807079	1.34220854695e-09	67	65
7	4	2:173286319:A:T	rs76733736	2	173286319	2.09527002498e-10	13	12
8	4	2:173308615:A:G	rs10187564	2	173308615	1.5346169828e-13	99	99
9	5	3:87200497:C:T	rs73142674	3	87200497	9.67809765588e-09	10	10
10	5	3:87215648:A:G	rs79123511	3	87215648	9.27192692166e-10	135	126
11	6	3:113294482:C:T	rs1567780	3	113294482	2.09237730115e-08	50	50
12	7	3:170063227:A:G	rs75982374	3	170063227	1.07651478783e-08	5	5
13	7	3:170092057:A:C	rs62295839	3	170092057	1.82347578316e-16	7	6
14	8	4:95544718:A:G	rs6853490	4	95544718	1.29020880084e-08	84	80
15	9	4:106061534:A:C	rs7679673	4	106061534	3.77050915833e-14	26	24
16	10	5:1280028:A:G	rs2242652	5	1280028	4.40149284287e-14	3	3
17	10	5:1284135:C:T	rs4449583	5	1284135	8.50158693187e-11	7	7
18	10	5:1284976:C:T	rs35029535	5	1284976	1.04852792177e-09	1	1
19	10	5:1285162:C:T	rs10866498	5	1285162	1.60612743298e-08	3	3
20	10	5:1294086:C:T	rs2736098	5	1294086	1.26255411001e-10	6	6
21	10	5:1297918:C:T	rs7449190	5	1297918	4.19198770305e-10	6	6
22	11	5:1889346:T:TG	rs386684493	5	1889346	1.92663745952e-13	3	3
23	11	5:1891800:C:T	rs10866527	5	1891800	2.69711832649e-12	12	12
24	12	5:133837061:G:T	rs1476097	5	133837061	8.03156169923e-09	3	3
25	13	6:41548755:A:G	rs6917270	6	41548755	4.07849561771e-12	53	52
26	14	6:117234711:C:T	rs9489065	6	117234711	4.15805280181e-08	136	126
27	15	6:160581374:A:G	rs651164	6	160581374	7.15121771326e-09	1	1
28	15	6:160581543:T:TG	rs4646284	6	160581543	3.98749360904e-22	1	1
29	16	7:27966262:A:T	rs7787576	7	27966262	4.28933533323e-09	8	7
30	16	7:27976563:A:G	rs10486567	7	27976563	6.50129690343e-12	27	25
31	16	7:27992551:C:T	rs73086934	7	27992551	4.30397757638e-08	1	1
32	16	7:27997214:C:G	rs6969285	7	27997214	2.7665594047e-08	28	28
33	17	7:41301890:C:G	rs12154794	7	41301890	4.17926586721e-08	133	119
34	18	7:97773812:A:C	rs11768309	7	97773812	6.45966506027e-10	74	69
35	18	7:97815999:A:G	rs41278842	7	97815999	2.8817745392e-08	30	28
36	19	8:4464316:C:T	rs77965869	8	4464316	7.79058373808e-09	1	1
37	20	8:23506877:C:T	rs13277614	8	23506877	1.38286568501e-08	5	5
38	20	8:23535219:A:C	rs13262167	8	23535219	5.77430872714e-14	52	49
39	21	8:57048350:C:T	rs149892036	8	57048350	4.35541958819e-08	10	9
40	22	8:127911557:A:G	rs2220322	8	127911557	1.08145885252e-08	10	10
41	22	8:127924563:C:T	rs10441523	8	127924563	2.7189423544e-11	4	4
42	22	8:127995859:C:T	rs182784912	8	127995859	1.84352911142e-09	1	1
43	22	8:127997471:C:T	rs201032404	8	127997471	9.64717151896e-09	1	1
44	22	8:128008134:A:C	rs75127456	8	128008134	7.49911476484e-09	13	11
45	22	8:128011021:G:T	rs138287183	8	128011021	1.64350110344e-09	3	3
46	22	8:128018466:C:G	rs73351629	8	128018466	3.62076217757e-17	47	45
47	22	8:128029101:A:T	rs4871771	8	128029101	7.22104414482e-11	21	19
48	22	8:128032277:A:G	rs10109680	8	128032277	1.76027288819e-10	44	42
49	22	8:128060413:G:T	rs13270755	8	128060413	3.17307253508e-08	16	15
50	22	8:128077146:A:G	rs77541621	8	128077146	1.86809948193e-42	1	1
51	22	8:128088066:A:G	rs7843737	8	128088066	2.35830515328e-15	8	8
52	22	8:128088707:C:G	rs62529910	8	128088707	9.11171233043e-23	3	3
53	22	8:128092982:A:G	rs1031589	8	128092982	5.6663056841e-13	9	7
54	22	8:128099242:A:C	rs13257371	8	128099242	2.89534286476e-11	16	11
55	22	8:128100029:C:CA	rs551191707	8	128100029	2.57454211193e-14	1	1
56	22	8:128100848:A:T	rs1456316	8	128100848	2.09025850886e-20	9	9
57	22	8:128103979:C:T	rs5013678	8	128103979	6.73441692689e-17	2	2
58	22	8:128104055:G:T	rs7463708	8	128104055	4.06536926976e-11	2	2
59	22	8:128104117:A:G	rs183373024	8	128104117	1.46521042494e-40	4	4
60	22	8:128104218:A:G	rs78809737	8	128104218	4.99114285166e-12	16	14
61	22	8:128107101:A:G	rs16901948	8	128107101	2.73526872631e-26	78	78
62	22	8:128108726:A:G	rs35365584	8	128108726	7.02910450136e-16	10	10
63	22	8:128113426:C:T	rs56005245	8	128113426	3.39390748774e-32	12	12
64	22	8:128145817:A:C	rs10111496	8	128145817	9.04107350243e-10	6	6
65	22	8:128145877:C:G	rs190915119	8	128145877	1.64096757645e-15	16	1
66	22	8:128167147:A:G	rs117478964	8	128167147	8.1601849102e-18	1	1
67	22	8:128177812:A:G	rs139046764	8	128177812	3.6991334567e-15	1	1
68	22	8:128183871:A:G	rs191785584	8	128183871	4.49676301177e-23	1	1
69	22	8:128237606:A:G	rs73351748	8	128237606	5.47393958675e-11	5	5
70	22	8:128243374:A:G	rs142952384	8	128243374	1.41775112312e-13	1	1
71	22	8:128264922:G:GA	rs112951195	8	128264922	4.73260218609e-08	1	1
72	22	8:128279676:A:G	rs67754732	8	128279676	3.48016632215e-11	16	16
73	22	8:128298211:C:T	rs6980979	8	128298211	3.12305764172e-09	11	11
74	22	8:128314081:A:G	rs16902085	8	128314081	4.10667183805e-09	1	1
75	22	8:128324183:C:T	rs570318977	8	128324183	4.49365783054e-18	4	1
76	22	8:128329744:A:C	rs11774287	8	128329744	2.06823555593e-12	48	44
77	22	8:128330539:C:G	rs181069596	8	128330539	6.33577870671e-13	1	1
78	22	8:128337285:A:G	rs200499606	8	128337285	1.12621160967e-08	1	1
79	22	8:128341103:C:G	rs1668875	8	128341103	1.56566917053e-12	31	28
80	22	8:128342154:C:T	rs10956359	8	128342154	5.0130264954e-20	31	28
81	22	8:128357817:A:G	rs13267780	8	128357817	6.77438695426e-10	14	14
82	22	8:128371903:C:T	rs62516028	8	128371903	7.98840362363e-09	2	1
83	22	8:128380384:A:G	rs146836668	8	128380384	3.14847319339e-11	3	2
84	22	8:128386267:A:G	rs116846195	8	128386267	2.67005372482e-09	1	1
85	22	8:128402953:C:T	rs10441525	8	128402953	1.39181015214e-08	1	1
86	22	8:128407190:A:G	rs3847136	8	128407190	3.05281157716e-18	9	9
87	22	8:128408116:C:T	rs10505476	8	128408116	2.10474748866e-20	1	1
88	22	8:128413305:G:T	rs6983267	8	128413305	1.66264679689e-41	3	3
89	22	8:128413783:G:T	rs79101886	8	128413783	3.07560104647e-09	1	1
90	22	8:128414498:C:T	rs3847137	8	128414498	4.67519790885e-32	38	37
91	22	8:128419789:C:T	rs34886083	8	128419789	3.1307616116e-10	19	19
92	22	8:128428638:A:G	rs6998061	8	128428638	3.98290547902e-30	7	7
93	22	8:128429262:C:G	rs9297754	8	128429262	8.20162673152e-14	2	2
94	22	8:128429652:A:G	rs72712390	8	128429652	2.77140502451e-15	1	1
95	22	8:128430807:A:C	rs28774977	8	128430807	1.78155814066e-12	16	16
96	22	8:128431385:C:T	rs11993627	8	128431385	5.16178605497e-14	1	1
97	22	8:128431694:A:G	rs7842552	8	128431694	1.6345567372e-20	1	1
98	22	8:128445011:C:T	rs78449170	8	128445011	4.91926252434e-08	1	1
99	22	8:128453765:A:G	rs10090421	8	128453765	2.66237974148e-10	1	1
100	22	8:128459125:A:G	rs13282506	8	128459125	8.05044708933e-09	3	3
101	22	8:128465268:A:G	rs9642878	8	128465268	3.71475349519e-08	9	9
102	22	8:128469579:G:GCT	rs71566635	8	128469579	1.04736968607e-12	1	1
103	22	8:128469708:A:G	rs6990480	8	128469708	3.64586010197e-14	1	1
104	22	8:128470256:A:T	rs10956372	8	128470256	1.66609591667e-20	9	8
105	22	8:128478160:G:T	rs2121630	8	128478160	3.04789498963e-23	2	2
106	22	8:128478315:G:T	rs2166689	8	128478315	1.43119892054e-22	11	10
107	22	8:128479976:C:T	rs78311688	8	128479976	2.04220812633e-12	2	1
108	22	8:128483935:C:T	rs6986285	8	128483935	1.31147495089e-10	10	10
109	22	8:128486844:C:T	rs72714537	8	128486844	3.19006843598e-11	1	1
110	22	8:128488711:A:G	rs13259396	8	128488711	2.23316082151e-08	8	8
111	22	8:128492344:G:T	rs1992833	8	128492344	3.34672478502e-10	13	13
112	22	8:128513305:C:G	rs6981321	8	128513305	1.26269947529e-14	2	2
113	22	8:128513780:A:C	rs72714555	8	128513780	3.07397265608e-14	1	1
114	22	8:128525336:C:T	rs72550836	8	128525336	3.47936507649e-11	1	1
115	22	8:128530616:A:G	rs13255059	8	128530616	4.36817470865e-34	62	60
116	22	8:128531028:C:T	rs13265719	8	128531028	2.84688549712e-10	23	23
117	22	8:128539461:C:T	rs13256658	8	128539461	4.69288595223e-10	13	13
118	22	8:128540776:C:G	rs12549761	8	128540776	1.48149435156e-15	1	1
119	22	8:128547721:A:G	rs4871812	8	128547721	2.42047164837e-16	3	3
120	23	10:47546979:C:T	rs7080223	10	47546979	1.91227347055e-08	7	7
121	24	10:51449190:C:T	rs530482936	10	51449190	3.46377760526e-08	1	1
122	24	10:51461808:A:G	rs1973123	10	51461808	2.51709727796e-12	1	1
123	24	10:51463695:A:G	rs10995905	10	51463695	6.34746039833e-10	1	1
124	24	10:51464656:C:G	rs61850063	10	51464656	1.17219536555e-17	38	36
125	24	10:51469030:C:G	rs146944434	10	51469030	2.75213668909e-08	1	1
126	24	10:51488744:A:G	rs76782576	10	51488744	5.37056528168e-09	1	1
127	24	10:51489667:C:T	rs12783102	10	51489667	1.67263045466e-15	160	150
128	24	10:51500625:C:G	rs12777595	10	51500625	1.31483119689e-09	2	2
129	24	10:51529805:C:T	rs7910704	10	51529805	1.06880874858e-14	1	1
130	24	10:51532528:A:G	rs4630240	10	51532528	3.7385225107e-19	1	1
131	24	10:51546461:C:CT	rs35292857	10	51546461	1.27699736169e-10	1	1
132	24	10:51549314:C:T	rs12770171	10	51549314	1.58052001528e-12	3	3
133	24	10:51549496:C:T	rs10993994	10	51549496	3.86722998119e-35	131	124
134	25	11:2198665:C:T	rs72853903	11	2198665	3.33311271245e-08	18	18
135	25	11:2200512:C:G	rs11042984	11	2200512	1.77206643658e-08	15	15
136	25	11:2201338:C:T	rs11564709	11	2201338	5.29870815651e-09	1	1
137	25	11:2211162:A:G	rs67225004	11	2211162	1.26211811457e-14	58	57
138	25	11:2215323:C:T	rs11043048	11	2215323	2.09821506065e-09	45	45
139	25	11:2222002:C:T	rs76275158	11	2222002	2.044089936e-10	8	8
140	25	11:2222815:C:G	rs12270978	11	2222815	1.07760599794e-10	1	1
141	25	11:2228935:A:G	rs7114709	11	2228935	5.16261810363e-10	6	6
142	25	11:2231001:C:T	rs116915405	11	2231001	1.4815966931e-10	1	1
143	25	11:2233609:A:G	rs7112959	11	2233609	1.68112497448e-15	18	17
144	25	11:2234690:A:G	rs10840606	11	2234690	4.38429733975e-24	60	57
145	25	11:2236885:C:T	rs11021707	11	2236885	3.75206194682e-08	29	28
146	25	11:2248200:C:T	rs117895267	11	2248200	1.46029298857e-09	21	19
147	25	11:2280751:A:G	rs17248845	11	2280751	2.94781347661e-12	1	1
148	25	11:2297593:C:T	rs117600498	11	2297593	1.13083697452e-11	1	1
149	26	11:68874540:C:T	rs11228501	11	68874540	2.39883291902e-17	10	9
150	26	11:68888930:A:G	rs10896433	11	68888930	5.29541498417e-12	11	10
151	26	11:68894562:C:T	rs35515275	11	68894562	1.02225678084e-08	2	2
152	26	11:68894991:A:G	rs16761	11	68894991	1.54056490448e-09	2	2
153	26	11:68907724:C:CATT	rs143123770	11	68907724	1.29240907836e-13	1	1
154	26	11:68923597:C:T	rs3019751	11	68923597	7.73000900774e-09	5	5
155	26	11:68924341:A:C	rs2924523	11	68924341	2.14274258059e-08	1	1
156	26	11:68924679:C:T	rs3019749	11	68924679	3.12968047156e-11	8	8
157	26	11:68936494:A:C	rs4488206	11	68936494	1.71486525039e-08	21	20
158	26	11:68944357:A:G	rs66592032	11	68944357	1.71553664773e-17	36	34
159	26	11:68946858:A:G	rs12417953	11	68946858	2.17040109569e-09	30	29
160	26	11:68953054:A:G	rs7128814	11	68953054	1.68228665565e-12	13	13
161	26	11:68964574:C:G	rs11602052	11	68964574	2.67731825997e-16	1	1
162	26	11:68968815:A:G	rs10792030	11	68968815	1.26940440196e-11	3	3
163	26	11:68970425:C:CG	rs34210900	11	68970425	1.57144794728e-09	1	1
164	26	11:68973036:A:G	rs9783280	11	68973036	9.58296716306e-18	18	18
165	26	11:68978175:A:G	rs12422130	11	68978175	5.65067071335e-14	2	2
166	26	11:68980770:G:T	rs79485992	11	68980770	1.16171607806e-13	1	1
167	26	11:68981359:A:G	rs12275055	11	68981359	2.33560824663e-32	19	15
168	26	11:68982028:C:T	rs9665814	11	68982028	5.45883540952e-15	1	1
169	26	11:68996170:C:G	rs12362678	11	68996170	6.63743070402e-21	44	44
170	26	11:68996782:A:G	rs11603288	11	68996782	1.06635055667e-12	1	1
171	26	11:69002896:A:G	rs7939151	11	69002896	7.62394930808e-09	1	1
172	26	11:69014190:C:CT	rs761722865	11	69014190	2.56797032028e-09	2	2
173	26	11:69015728:A:G	rs12282656	11	69015728	2.26829742622e-17	16	16
174	26	11:69031486:G:GCA	rs34297632	11	69031486	1.0814339513e-14	11	11
175	26	11:69037076:A:T	rs12278391	11	69037076	5.87949465649e-09	6	6
176	26	11:69039827:C:T	rs4930273	11	69039827	6.63834776231e-10	6	6
177	26	11:69049014:A:G	rs72930277	11	69049014	5.7075536175e-09	1	1
178	27	11:69462856:C:T	rs3862792	11	69462856	1.72929864029e-09	54	37
179	28	12:53312612:C:T	rs73110464	12	53312612	2.08641165456e-12	50	47
180	28	12:53315659:A:G	rs11829997	12	53315659	5.50211926491e-10	6	6
181	29	17:568153:A:T	rs865702	17	568153	2.64021929134e-08	24	24
182	30	17:36079111:A:ATAT	rs146723727	17	36079111	1.17117016389e-10	11	11
183	30	17:36088530:C:T	rs2002731	17	36088530	3.94738966756e-09	1	1
184	30	17:36088915:C:G	rs1016990	17	36088915	4.28045563359e-10	1	1
185	30	17:36090885:A:G	rs3744763	17	36090885	2.47457146133e-16	1	1
186	30	17:36093022:A:G	rs7405776	17	36093022	7.73927003278e-23	12	9
187	30	17:36096478:C:T	rs757211	17	36096478	1.23424108794e-19	8	8
188	30	17:36099952:A:T	rs10908278	17	36099952	9.25337153478e-33	18	18
189	30	17:36105897:A:G	rs9913260	17	36105897	6.62674104688e-16	1	1
190	30	17:36108231:C:T	rs67143603	17	36108231	1.36050455454e-17	2	2
191	30	17:36115166:C:G	rs7213769	17	36115166	6.15644494391e-10	1	1
192	31	17:46114750:A:G	rs554574584	17	46114750	1.12227683835e-15	16	1
193	31	17:46566711:C:G	rs573042067	17	46566711	8.00257955071e-09	6	6
194	31	17:46732251:C:T	rs549975035	17	46732251	1.8395008803e-16	1	1
195	31	17:46805705:C:T	rs138213197	17	46805705	8.82673320721e-33	7	3
196	31	17:46860777:C:T	rs138467395	17	46860777	4.60044666393e-11	2	2
197	31	17:47207665:A:G	rs370406642	17	47207665	3.06407929381e-11	11	2
198	32	17:69110773:A:G	rs4793528	17	69110773	9.43408967323e-11	56	54
199	32	17:69119290:A:G	rs6501436	17	69119290	2.60555353005e-17	138	130
200	32	17:69124481:A:T	rs77753747	17	69124481	2.21768572e-11	146	139
201	32	17:69193287:A:G	rs6501452	17	69193287	3.68722805887e-12	171	155
202	32	17:69227363:A:AAAC	rs143535504	17	69227363	2.36864513178e-11	169	158
203	33	19:38743962:A:G	rs12976534	19	38743962	3.66268862759e-11	19	18
204	33	19:38777147:C:T	rs8101185	19	38777147	4.15432051242e-09	24	24
205	34	19:51343132:A:G	rs11667223	19	51343132	1.7959738132e-09	9	9
206	34	19:51344178:C:T	rs2569753	19	51344178	5.98136079781e-10	3	3
207	34	19:51345568:C:G	rs2659051	19	51345568	4.70760483257e-16	2	2
208	34	19:51346522:A:G	rs56397626	19	51346522	9.66495864314e-18	7	7
209	34	19:51350880:A:T	rs2411331	19	51350880	1.76685129845e-08	12	11
210	34	19:51354397:A:G	rs11665748	19	51354397	1.87456282433e-15	3	3
211	34	19:51360818:C:T	rs266876	19	51360818	9.10122812029e-12	4	4
212	34	19:51362715:G:T	rs76765083	19	51362715	8.57630070524e-30	7	7
213	34	19:51363398:C:T	rs1058205	19	51363398	8.36565595756e-22	6	6
214	35	20:62263538:A:C	rs74179816	20	62263538	4.67304539632e-09	11	11
215	35	20:62272411:A:G	rs6423444	20	62272411	1.93535215325e-10	2	2
216	35	20:62374389:C:T	rs1058319	20	62374389	1.12364726749e-08	1	1
217	36	22:43500212:G:T	rs5759167	22	43500212	1.1220184543e-15	4	4
218	36	22:43501620:C:T	rs73179053	22	43501620	3.78721534275e-09	10	10
219	36	22:43503973:A:G	rs5759171	22	43503973	2.88137643484e-12	11	11
